2017/4/30 00:00	 19221.376893	18356.286993	-3291.720993	-26453.811160	-2571.084784	-3291.720993
2017/4/30 00:15	 17389.837257	19480.447636	-5996.520735	-25952.642110	-2890.440703	-5996.520735
2017/4/30 00:30	 15266.748176	20278.021301	-8600.774586	-25172.558298	-3257.922114	-8600.774586
2017/4/30 00:45	 12887.921095	20735.920730	-11060.931456	-24132.013850	-3704.433323	-11060.931456
2017/4/30 01:00	 10293.292491	20846.612456	-13335.843767	-22856.313489	-4257.000694	-13335.843767
2017/4/30 01:15	 7526.301832	20608.223518	-15387.397312	-21376.724573	-4937.584669	-15387.397312
2017/4/30 01:30	 4633.223040	20024.571046	-17181.098748	-19729.384804	-5762.080924	-17181.098748
2017/4/30 01:45	 1662.456047	19105.114478	-18686.614960	-17954.043464	-6739.546174	-18686.614960
2017/4/30 02:00	 -1336.214853	17864.830229	-19878.258569	-16092.679448	-7871.676914	-19878.258569
2017/4/30 02:15	 -4312.388900	16324.008795	-20735.413744	-14188.043621	-9152.561355	-20735.413744
2017/4/30 02:30	 -7215.835533	14507.974452	-21242.896272	-12282.175941	-10568.716067	-21242.896272
2017/4/30 02:45	 -9997.291610	12446.728148	-21391.241684	-10414.949371	-12099.409520	-21391.241684
2017/4/30 03:00	 -12609.260110	10174.514714	-21176.915053	-8622.692570	-13717.265144	-21176.915053
2017/4/30 03:15	 -15006.800128	7729.316450	-20602.436172	-6936.941798	-15389.126725	-20602.436172
2017/4/30 03:30	 -17148.296830	5152.276223	-19676.413956	-5383.369179	-17077.159329	-19676.413956
2017/4/30 03:45	 -18996.198849	2487.054745	-18413.484550	-3980.929504	-18740.149741	-18413.484550
2017/4/30 04:00	 -20517.709535	-220.871688	-16834.148482	-2741.260963	-20334.961942	-16834.148482
2017/4/30 04:15	 -21685.417555	-2924.964580	-14964.503581	-1668.366920	-21818.095796	-14964.503581
2017/4/30 04:30	 -22477.851863	-5578.417307	-12835.872181	-758.595894	-23147.291338	-12835.872181
2017/4/30 04:45	 -22879.945953	-8134.977175	-10484.323453	-0.925800	-24283.117172	-10484.323453
2017/4/30 05:00	 -22883.396923	-10549.780603	-7950.094354	622.453482	-25190.479892	-7950.094354
2017/4/30 05:15	 -22486.905991	-12780.184656	-5276.915788	1135.277617	-25839.992369	-5276.915788
2017/4/30 05:30	 -21696.289354	-14786.576769	-2511.253803	1566.096197	-26209.142813	-2511.253803
2017/4/30 05:45	 -20524.450685	-16533.143298	298.521090	1946.954200	-26283.212752	298.521090
2017/4/30 06:00	 -18991.210197	-17988.577456	3103.020228	2311.919051	-26055.901710	3103.020228
2017/4/30 06:15	 -17122.989185	-19126.707694	5852.759781	2695.513831	-25529.628102	5852.759781
2017/4/30 06:30	 -14952.353364	-19927.029057	8499.099225	3131.122670	-24715.489657	8499.099225
2017/4/30 06:45	 -12517.422856	-20375.122254	10995.172745	3649.436748	-23632.881611	10995.172745
2017/4/30 07:00	 -9861.161058	-20462.948226	13296.790555	4277.008404	-22308.786310	13296.790555
2017/4/30 07:15	 -7030.558780	-20189.009666	15363.287520	5034.976529	-20776.762967	15363.287520
2017/4/30 07:30	 -4075.733446	-19558.375059	17158.297927	5938.018946	-19075.680042	17158.297927
2017/4/30 07:45	 -1048.965779	-18582.565103	18650.437617	6993.577133	-17248.244371	18650.437617
2017/4/30 08:00	 1996.301894	-17279.305609	19813.877699	8201.386129	-15339.390117	19813.877699
2017/4/30 08:15	 5006.481014	-15672.154993	20628.797802	9553.328445	-13394.596294	20628.797802
2017/4/30 08:30	 7928.841449	-13790.017889	21081.710731	11033.616107	-11458.203860	21081.710731
2017/4/30 08:45	 10712.482433	-11666.559374	21165.654552	12619.290407	-9571.802188	21165.654552
2017/4/30 09:00	 13309.248821	-9339.536288	20880.252053	14281.015253	-7772.750196	20880.252053
2017/4/30 09:15	 15674.574519	-6850.063526	20231.641231	15984.127975	-6092.890081	20231.641231
2017/4/30 09:30	 17768.238018	-4241.833707	19232.283646	17689.901407	-4557.501911	19232.283646
2017/4/30 09:45	 19555.018385	-1560.308454	17900.660102	19356.963538	-3184.535929	17900.660102
2017/4/30 10:00	 21005.243427	1148.101217	16260.865152	20942.816158	-1984.146967	16260.865152
2017/4/30 10:15	 22095.224987	3836.849210	14342.113270	22405.391658	-958.542515	14342.113270
2017/4/30 10:30	 22807.579306	6460.048730	12178.170356	23704.587534	-102.143316	12178.170356
2017/4/30 10:45	 23131.432981	8973.233964	9806.724402	24803.720839	597.956587	9806.724402
2017/4/30 11:00	 23062.517211	11334.078214	7268.709029	25670.849569	1161.254275	7268.709029
2017/4/30 11:15	 22603.154774	13503.059507	4607.592957	26279.914460	1612.860128	4607.592957
2017/4/30 11:30	 21762.145416	15444.066587	1868.647654	26611.662443	1982.318814	1868.647654
2017/4/30 11:45	 20554.556252	17124.939732	-901.795533	26654.321764	2302.276006	-901.795533
2017/4/30 12:00	 19001.424289	18517.942328	-3657.088578	26404.008133	2607.041927	-3657.088578
2017/4/30 12:15	 17129.378382	19600.160302	-6351.001135	25864.850871	2931.105091	-6351.001135
2017/4/30 12:30	 14970.187969	20353.827372	-8938.437846	25048.837640	3307.650130	-8938.437846
2017/4/30 12:45	 12560.245791	20766.574848	-11376.131241	23975.385663	3767.132540	-11376.131241
2017/4/30 13:00	 9939.991571	20831.605165	-13623.303569	22670.656192	4335.960564	-13623.303569
2017/4/30 13:15	 7153.283416	20547.788588	-15642.291346	21166.637128	5035.330393	-15642.291346
2017/4/30 13:30	 4246.723600	19919.682783	-17399.126775	19500.026078	5880.255648	-17399.126775
2017/4/30 13:45	 1268.945239	18957.474989	-18864.070299	17710.952433	6878.825763	-18864.070299
2017/4/30 14:00	 -1730.133346	17676.846631	-20012.088525	15841.582437	8031.720495	-20012.088525
2017/4/30 14:15	 -4700.079606	16098.760378	-20823.271663	13934.655200	9331.999703	-20823.271663
2017/4/30 14:30	 -7590.735504	14249.169815	-21283.184394	12032.000410	10765.178681	-21283.184394
2017/4/30 14:45	 -10353.015681	12158.652411	-21383.143940	10173.089856	12309.589958	-21383.143940
2017/4/30 15:00	 -12939.705837	9861.967015	-21120.418948	8393.674649	13937.022869	-21120.418948
2017/4/30 15:15	 -15306.250979	7397.538032	-20498.342880	6724.558213	15613.622411	-20498.342880
2017/4/30 15:30	 -17411.522035	4806.869649	-19526.335853	5190.551659	17301.019301	-19526.335853
2017/4/30 15:45	 -19218.548165	2133.894937	-18219.829473	3809.652880	18957.654024	-18219.829473
2017/4/30 16:00	 -20695.201029	-575.733576	-16600.090176	2592.483759	20540.249335	-16600.090176
2017/4/30 16:15	 -21814.816428	-3275.403229	-14693.938014	1542.011330	22005.378505	-14693.938014
2017/4/30 16:30	 -22556.738274	-5918.339671	-12533.359704	653.568635	23311.071062	-12533.359704
2017/4/30 16:45	 -22906.769879	-8458.431452	-10155.017090	-84.820249	24418.394182	-10155.017090
2017/4/30 17:00	 -22857.518146	-10851.065633	-7599.654949	-691.818618	25292.946609	-7599.654949
2017/4/30 17:15	 -22408.617604	-13053.957405	-4911.415126	-1191.879061	25906.203334	-4911.415126
2017/4/30 17:30	 -21566.823436	-15027.955424	-2137.067279	-1614.101318	26236.653641	-2137.067279
2017/4/30 17:45	 -20345.965229	-16737.803377	674.830230	-1990.889731	26270.681778	674.830230
2017/4/30 18:00	 -18766.756912	-18152.838423	3474.822693	-2356.464038	26003.149521	3474.822693
2017/4/30 18:15	 -16856.462296	-19247.607675	6213.485353	-2745.284965	25437.651873	6213.485353
2017/4/30 18:30	 -14648.420206	-20002.385532	8842.362224	-3190.461152	24586.431200	8842.362224
2017/4/30 18:45	 -12181.437596	-20403.576952	11314.894778	-3722.205897	23469.950098	11314.894778
2017/4/30 19:00	 -9499.063483	-20443.994888	13587.317473	-4366.410827	22116.138689	13587.317473
2017/4/30 19:15	 -6648.760554	-20123.003899	15619.497659	-5143.398872	20559.347044	15619.497659
2017/4/30 19:30	 -3680.994672	-19446.526036	17375.698971	-6066.910954	18839.046901	17375.698971
2017/4/30 19:45	 -648.264964	-18426.909433	18825.249782	-7143.370218	16998.338173	18825.249782
2017/4/30 20:00	 2395.901236	-17082.664246	19943.101417	-8371.454795	15082.324260	19943.101417
2017/4/30 20:15	 5397.963840	-15438.074551	20710.264576	-9741.995984	13136.425454	20710.264576
2017/4/30 20:30	 8305.371648	-13522.698135	21114.116399	-11238.203994	11204.701426	21114.116399
2017/4/30 20:45	 11067.527312	-11370.768979	21148.574724	-12836.208882	9328.252221	21148.574724
2017/4/30 21:00	 13636.695089	-9020.519150	20814.140010	-14505.890907	7543.762171	20814.140010
2017/4/30 21:15	 15968.833552	-6513.438091	20117.809023	-16211.962618	5882.243520	20117.809023
2017/4/30 21:30	 18024.338670	-3893.487700	19072.867517	-17915.255373	4368.026543	19072.867517
2017/4/30 21:45	 19768.686051	-1206.291424	17698.571687	-19574.155757	3018.031408	17698.571687
2017/4/30 22:00	 21172.964494	1501.685370	16019.730103	-21146.132865	1841.344423	16019.730103
2017/4/30 22:15	 22214.296236	4183.947674	14066.199107	-22589.295525	839.108507	14066.199107
2017/4/30 22:30	 22876.142189	6794.761405	11872.305408	-23863.919244	4.725111	11872.305408
2017/4/30 22:45	 23148.493009	9289.909769	9476.209699	-24933.885641	-675.647074	9476.209699
2017/4/30 23:00	 23027.948964	11627.404782	6919.224938	-25767.982164	-1222.321830	6919.224938
2017/4/30 23:15	 22517.693200	13768.145276	4245.102260	-26341.016518	-1661.078022	4245.102260
2017/4/30 23:30	 21627.364265	15676.514491	1499.296641	-26634.708210	-2021.957025	1499.296641
2017/4/30 23:45	 20372.834568	17320.911906	-1271.776531	-26638.328446	-2337.912569	-1271.776531
