Pt_ID	xo	yo	zo	lat(度分秒)	lon(度分秒)	ht	e	n	u	Az(度分秒)	El(度分秒)	Sr (Unit:M)	
Pt_01 ,-5756029.090,-136762.372,-2727465.155,-25.347440272,-178.638917121,0.000,0.000,-0.000,0.000,NaN,NaN,0.000
Pt_02 ,-6333101.168,414653.575,556356.913,5.009819142,176.253961940,0.000,-1925751.745,-2930422.813,749628.271,33.311249745,12.067017679,3585783.065
Pt_03 ,1117304.368,-1088903.371,6177018.811,75.825042301,-44.262459581,0.000,-2775228.621,-4386316.502,9683377.445,32.321594679,61.807561294,10986785.931
Pt_04 ,-3469602.854,4582473.029,2748169.931,25.553654655,127.131052658,0.000,-7009810.412,-3414013.407,4147249.186,64.032360433,28.008708698,8831342.217
Pt_05 ,-4449125.778,1462825.630,4319150.609,42.682813580,161.799680366,0.000,-4548599.967,-5189710.261,3904548.018,41.233434466,29.501187956,7928956.393
Pt_06 ,6148947.088,-1434196.943,-850393.932,-7.670669967,-13.129096736,-0.000,511393.107,3528129.375,11501864.830,8.247434343,72.779194436,12041682.372
Pt_07 ,6136707.874,1670436.193,-374299.874,-3.368099105,15.227207249,0.000,-2791640.147,3198778.645,11644338.946,-41.111874722,69.967659190,12394194.973
Pt_08 ,6232795.807,-1069310.319,773610.284,6.974455686,-9.734999709,-0.000,-533141.097,2238949.669,12205344.616,-13.393898544,79.321182881,12420449.760
Pt_09 ,2106400.304,5243659.859,-2942235.552,-27.504411855,68.114463524,-0.000,-5289008.901,3657727.455,6967285.002,-55.333373126,47.293906694,9481331.425
Pt_10 ,-2748676.609,-4792340.902,3172993.315,29.870209446,-119.836691986,0.000,2184542.464,-3655299.439,5059273.551,-30.864104480,49.913031328,6612842.704
Pt_11 ,-5454063.584,-3292472.840,49538.009,0.445510511,-148.881738716,-0.000,1992465.126,-2217706.054,1384685.289,-41.937639191,24.912851210,3287170.633
Pt_12 ,-2761051.143,-5428343.281,1870648.768,17.074764964,-116.959530094,0.000,3365480.606,-2605344.663,4548205.426,-52.255203385,46.900321669,6229000.973
Pt_13 ,-3777844.561,4507379.837,-2449705.794,-22.613251585,129.967937710,-0.000,-4759092.095,718593.973,1848508.850,-81.413548202,21.009925104,5155804.480
Pt_14 ,-3205380.093,-3020622.084,-4603370.687,-46.265476788,-136.699766254,-0.000,3668233.526,2569700.605,1605066.327,54.987678118,19.716301564,4757681.822
Pt_15 ,2385243.190,-5899438.919,-311249.678,-2.800250258,-67.985681364,0.000,4749708.583,1378506.407,8355524.829,73.815702852,59.378348438,9709521.446
Pt_16 ,6080429.056,739333.191,-1752543.844,-15.966867415,6.932691869,0.000,-1283915.839,4285897.765,11067084.372,-16.676509154,67.988055263,11937240.721
Pt_17 ,4500491.616,2618766.452,3671141.305,35.185595075,30.194462982,0.000,-5432980.948,-801652.397,11728870.343,81.606403474,64.909610159,12950919.970
Pt_18 ,5209790.551,-831806.182,3571529.349,34.096723587,-9.071399813,0.000,-1941687.849,-490311.448,12366243.166,75.828044170,80.801159547,12527351.159
Pt_19 ,-3484420.800,-4882423.520,2147182.634,19.695689509,-125.514168330,0.000,2703967.612,-3130271.232,3996440.873,-40.820865822,44.013891050,5751658.760
Pt_20 ,509711.821,4303710.790,-4669893.820,-47.137837594,83.245613819,-0.000,-3626188.597,4371980.955,4862155.947,-39.672837004,40.563502128,7476899.201
Pt_21 ,-1520581.205,1054596.969,-6096334.885,-73.114717652,145.256811525,0.000,219066.108,4603810.836,2505761.178,2.724287253,28.531362214,5246132.219
Pt_22 ,4555538.353,4388088.410,762490.274,6.873716309,43.927386571,0.000,-5984345.603,1647182.655,10629740.389,-74.610508144,59.718563600,12309223.523
Pt_23 ,-675501.166,5804487.707,-2537964.072,-23.475816795,96.637975703,0.000,-6018892.209,2147009.282,4604679.665,-70.368087818,35.775256150,7876533.952
Pt_24 ,-149805.681,3036257.918,5598958.574,61.500277990,92.824621241,0.000,-6657270.513,-4365776.454,8271555.725,56.743507923,46.095638075,11480326.165
Pt_25 ,-856082.368,1519333.318,6127674.131,74.113801229,119.399485947,0.000,-5362075.475,-5134646.479,7854263.762,46.241214466,46.612952918,10807678.155
Pt_26 ,3320887.743,4708398.964,-2718883.005,-25.262067348,54.804244631,0.000,-4847386.478,3982849.449,8157134.384,-50.591804596,52.435575451,10290728.194
Pt_27 ,-2939435.167,4154163.397,3833052.096,36.987485676,125.282757498,0.000,-7035714.798,-4086661.400,5052535.033,59.850042283,31.839210984,9577588.130
Pt_28 ,2806190.011,2690761.524,5047250.840,52.393714390,43.797043551,0.000,-6080946.322,-2654896.102,10731981.973,66.414274975,58.272836825,12617520.301
Pt_29 ,4665110.382,-4157177.347,1242683.642,11.247828696,-41.704899210,-0.000,2357517.242,1116534.284,11002358.906,64.657484641,76.662013914,11307362.108
Pt_30 ,3384893.524,2278004.735,4893141.247,50.177623248,33.940220423,0.000,-5603801.184,-2289523.755,11199252.137,67.776734689,61.607689949,12730583.457
Pt_31 ,2657125.524,-1249520.013,5654027.298,62.556169952,-25.185374601,0.000,-2395751.610,-3301309.638,10873251.422,35.968292082,69.436866505,11613176.464
Pt_32 ,-5106231.450,3758151.016,626372.350,5.642216572,143.647188852,0.000,-5297611.811,-2390884.834,1851607.721,65.709690899,17.670613039,6099956.749
Pt_33 ,5418019.192,1663129.096,2910104.919,27.179112130,17.064526330,-0.000,-4159070.398,195256.834,12271892.418,-87.312095467,71.258770614,12958986.662
Pt_34 ,-3452178.215,5264552.829,978054.231,8.830773799,123.254461138,0.000,-6950790.154,-1939081.700,3467838.312,74.412341227,25.667219008,8006211.598
Pt_35 ,-178088.291,-2014425.990,-6041524.103,-71.493031729,-95.052182803,-0.000,3264281.307,5067673.457,3771529.101,32.787125877,32.032891662,7110645.433
Pt_36 ,1755108.312,-6086465.561,-681302.275,-6.138837056,-73.914423360,0.000,5091573.340,1408449.229,7644079.229,74.537300937,55.351827871,9291920.983
Pt_37 ,-5851271.597,-1696200.561,1864179.541,17.013913081,-163.833876632,0.000,-362901.316,-3842862.189,1715018.550,5.394737471,23.956055604,4223810.578
Pt_38 ,-2482971.930,-5861015.324,270168.023,2.430408192,-112.959553326,-0.000,4467935.014,-1181983.435,4181645.428,-75.181972053,42.138715292,6232630.794
Pt_39 ,4834545.093,-3817029.150,-1626992.076,-14.795787736,-38.292229464,-0.000,3218609.430,3551671.185,10036291.319,42.183623266,64.471937426,11122093.253
Pt_40 ,2911273.017,1043822.555,5569969.919,60.958618995,19.725044371,0.000,-4653263.685,-3074287.245,11046929.465,56.548323815,63.212811988,12374924.468
Pt_41 ,-1585099.931,4521755.977,4198907.250,41.228652753,109.318096698,0.000,-7556337.647,-3799248.327,6414992.938,63.307223630,37.179606654,10615303.146
Pt_42 ,4370438.760,1305290.113,4448047.186,44.280443436,16.628960279,0.000,-4445060.430,-1523173.389,11926755.922,71.085129212,68.497026416,12818975.241
Pt_43 ,2069421.090,5802517.845,-1624168.715,-14.769527440,70.371634908,-0.000,-6399405.209,2572083.878,7440648.051,-68.103549661,47.171655680,10145503.729
Pt_44 ,-1166484.665,-6149726.485,1187357.857,10.740967323,-100.740311094,0.000,4372661.601,-1377372.174,5730932.166,-72.515766149,51.341900343,7338999.051
Pt_45 ,-750178.435,-4182373.644,4747064.779,48.168129533,-100.168821540,0.000,915896.853,-4078562.152,7471170.334,-12.656585609,60.772892885,8561070.169
Pt_46 ,2283972.653,-2205016.292,5523677.496,60.112239629,-43.992334385,0.000,-1385965.119,-3374584.605,10495058.814,22.328293366,70.832404997,11111029.659
Pt_47 ,-5211727.941,-2969808.486,2146571.784,19.689854744,-150.324132785,0.000,792147.894,-3828183.981,2415737.735,-11.690945485,31.713955209,4595462.946
Pt_48 ,4659806.546,2217261.196,-3736254.373,-35.905285787,25.446360739,0.000,-1931116.024,5337585.338,8996930.786,-19.889911711,57.752095176,10637847.052
Pt_49 ,5361650.050,-2828307.227,1960364.244,17.920747654,-27.811954732,-0.000,728626.427,854213.799,11897363.117,40.463481737,84.608961431,11950222.878
Pt_50 ,1025453.820,-3131095.396,-5452919.134,-58.858961849,-71.866046754,0.000,4134266.498,5075846.399,5099409.505,39.162745385,37.916973167,8298213.871
