0000	 145 11 31.4700	 9 40 46.0980
0010	 147 41 56.1112	 9 50 47.7407
0020	 150 12 20.7524	 10 0 49.3835
0030	 152 42 45.3936	 10 10 51.0262
0040	 155 13 10.0347	 10 20 52.6690
0050	 157 43 34.6759	 10 30 54.3117
0060	 160 13 59.3171	 10 40 55.9545
0070	 162 44 23.9583	 10 50 57.5972
0080	 165 14 48.5995	 11 0 59.2400
0090	 167 45 13.2407	 11 11 0.8827
0100	 170 15 37.8818	 11 21 2.5255
0110	 172 46 2.5230	 11 31 4.1682
0120	 175 16 27.1642	 11 41 5.8109
0130	 177 46 51.8054	 11 51 7.4537
0140	 180 17 16.4466	 12 1 9.0964
0150	 182 47 41.0878	 12 11 10.7392
0160	 185 18 5.7289	 12 21 12.3819
0170	 187 48 30.3701	 12 31 14.0247
0180	 190 18 55.0113	 12 41 15.6674
0190	 192 49 19.6525	 12 51 17.3102
0200	 195 19 44.2937	 13 1 18.9529
0210	 197 50 8.9349	 13 11 20.5957
0220	 200 20 33.5761	 13 21 22.2384
0230	 202 50 58.2172	 13 31 23.8811
0240	 205 21 22.8584	 13 41 25.5239
0250	 207 51 47.4996	 13 51 27.1666
0260	 210 22 12.1408	 14 1 28.8094
0270	 212 52 36.7820	 14 11 30.4521
0280	 215 23 1.4232	 14 21 32.0949
0290	 217 53 26.0643	 14 31 33.7376
0300	 220 23 50.7055	 14 41 35.3804
0310	 222 54 15.3467	 14 51 37.0231
0320	 225 24 39.9879	 15 1 38.6659
0330	 227 55 4.6291	 15 11 40.3086
0340	 230 25 29.2703	 15 21 41.9514
0350	 232 55 53.9114	 15 31 43.5941
0360	 235 26 18.5526	 15 41 45.2368
0370	 237 56 43.1938	 15 51 46.8796
0380	 240 27 7.8350	 16 1 48.5223
0390	 242 57 32.4762	 16 11 50.1651
0400	 245 27 57.1174	 16 21 51.8078
0410	 247 58 21.7586	 16 31 53.4506
0420	 250 28 46.3997	 16 41 55.0933
0430	 252 59 11.0409	 16 51 56.7361
0440	 255 29 35.6821	 17 1 58.3788
0450	 258 0 0.3233	 17 12 0.0216
0460	 260 30 24.9645	 17 22 1.6643
0470	 263 0 49.6057	 17 32 3.3070
0480	 265 31 14.2468	 17 42 4.9498
0490	 268 1 38.8880	 17 52 6.5925
0500	 270 32 3.5292	 18 2 8.2353
0510	 273 2 28.1704	 18 12 9.8780
0520	 275 32 52.8116	 18 22 11.5208
0530	 278 3 17.4528	 18 32 13.1635
0540	 280 33 42.0939	 18 42 14.8063
0550	 283 4 6.7351	 18 52 16.4490
0560	 285 34 31.3763	 19 2 18.0918
0570	 288 4 56.0175	 19 12 19.7345
0580	 290 35 20.6587	 19 22 21.3772
0590	 293 5 45.2999	 19 32 23.0200
0600	 295 36 9.9410	 19 42 24.6627
0610	 298 6 34.5822	 19 52 26.3055
0620	 300 36 59.2234	 20 2 27.9482
0630	 303 7 23.8646	 20 12 29.5910
0640	 305 37 48.5058	 20 22 31.2337
0650	 308 8 13.1470	 20 32 32.8765
0660	 310 38 37.7882	 20 42 34.5192
0670	 313 9 2.4293	 20 52 36.1620
0680	 315 39 27.0705	 21 2 37.8047
0690	 318 9 51.7117	 21 12 39.4474
0700	 320 40 16.3529	 21 22 41.0902
0710	 323 10 40.9941	 21 32 42.7329
0720	 325 41 5.6353	 21 42 44.3757
0730	 328 11 30.2764	 21 52 46.0184
0740	 330 41 54.9176	 22 2 47.6612
0750	 333 12 19.5588	 22 12 49.3039
0760	 335 42 44.2000	 22 22 50.9467
0770	 338 13 8.8412	 22 32 52.5894
0780	 340 43 33.4824	 22 42 54.2322
0790	 343 13 58.1235	 22 52 55.8749
0800	 345 44 22.7647	 23 2 57.5176
0810	 348 14 47.4059	 23 12 59.1604
0820	 350 45 12.0471	 23 23 0.8031
0830	 353 15 36.6883	 23 33 2.4459
0840	 355 46 1.3295	 23 43 4.0886
0850	 358 16 25.9707	 23 53 5.7314
0860	 0 46 50.6118	 0 3 7.3741
0870	 3 17 15.2530	 0 13 9.0169
0880	 5 47 39.8942	 0 23 10.6596
0890	 8 18 4.5354	 0 33 12.3024
0900	 10 48 29.1766	 0 43 13.9451
0910	 13 18 53.8178	 0 53 15.5879
0920	 15 49 18.4589	 1 3 17.2306
0930	 18 19 43.1001	 1 13 18.8733
0940	 20 50 7.7413	 1 23 20.5161
0950	 23 20 32.3825	 1 33 22.1588
0960	 25 50 57.0237	 1 43 23.8016
0970	 28 21 21.6649	 1 53 25.4443
0980	 30 51 46.3060	 2 3 27.0871
0990	 33 22 10.9472	 2 13 28.7298
1000	 35 52 35.5884	 2 23 30.3726
1010	 38 23 0.2296	 2 33 32.0153
1020	 40 53 24.8708	 2 43 33.6581
1030	 43 23 49.5120	 2 53 35.3008
1040	 45 54 14.1532	 3 3 36.9435
1050	 48 24 38.7943	 3 13 38.5863
1060	 50 55 3.4355	 3 23 40.2290
1070	 53 25 28.0767	 3 33 41.8718
1080	 55 55 52.7179	 3 43 43.5145
1090	 58 26 17.3591	 3 53 45.1573
1100	 60 56 42.0003	 4 3 46.8000
1110	 63 27 6.6414	 4 13 48.4428
1120	 65 57 31.2826	 4 23 50.0855
1130	 68 27 55.9238	 4 33 51.7283
1140	 70 58 20.5650	 4 43 53.3710
1150	 73 28 45.2062	 4 53 55.0137
1160	 75 59 9.8474	 5 3 56.6565
1170	 78 29 34.4885	 5 13 58.2992
1180	 80 59 59.1297	 5 23 59.9420
1190	 83 30 23.7709	 5 34 1.5847
1200	 86 0 48.4121	 5 44 3.2275
1210	 88 31 13.0533	 5 54 4.8702
1220	 91 1 37.6945	 6 4 6.5130
1230	 93 32 2.3357	 6 14 8.1557
1240	 96 2 26.9768	 6 24 9.7985
1250	 98 32 51.6180	 6 34 11.4412
1260	 101 3 16.2592	 6 44 13.0839
1270	 103 33 40.9004	 6 54 14.7267
1280	 106 4 5.5416	 7 4 16.3694
1290	 108 34 30.1828	 7 14 18.0122
1300	 111 4 54.8239	 7 24 19.6549
1310	 113 35 19.4651	 7 34 21.2977
1320	 116 5 44.1063	 7 44 22.9404
1330	 118 36 8.7475	 7 54 24.5832
1340	 121 6 33.3887	 8 4 26.2259
1350	 123 36 58.0299	 8 14 27.8687
1360	 126 7 22.6710	 8 24 29.5114
1370	 128 37 47.3122	 8 34 31.1541
1380	 131 8 11.9534	 8 44 32.7969
1390	 133 38 36.5946	 8 54 34.4396
1400	 136 9 1.2358	 9 4 36.0824
1410	 138 39 25.8770	 9 14 37.7251
1420	 141 9 50.5181	 9 24 39.3679
1430	 143 40 15.1593	 9 34 41.0106
1440	 146 10 39.8005	 9 44 42.6534
1450	 148 41 4.4417	 9 54 44.2961
1460	 151 11 29.0829	 10 4 45.9389
1470	 153 41 53.7241	 10 14 47.5816
1480	 156 12 18.3653	 10 24 49.2244
1490	 158 42 43.0064	 10 34 50.8671
1500	 161 13 7.6476	 10 44 52.5098
1510	 163 43 32.2888	 10 54 54.1526
1520	 166 13 56.9300	 11 4 55.7953
1530	 168 44 21.5712	 11 14 57.4381
1540	 171 14 46.2124	 11 24 59.0808
1550	 173 45 10.8535	 11 35 0.7236
1560	 176 15 35.4947	 11 45 2.3663
1570	 178 46 0.1359	 11 55 4.0091
1580	 181 16 24.7771	 12 5 5.6518
1590	 183 46 49.4183	 12 15 7.2946
1600	 186 17 14.0595	 12 25 8.9373
1610	 188 47 38.7006	 12 35 10.5800
1620	 191 18 3.3418	 12 45 12.2228
1630	 193 48 27.9830	 12 55 13.8655
1640	 196 18 52.6242	 13 5 15.5083
1650	 198 49 17.2654	 13 15 17.1510
1660	 201 19 41.9066	 13 25 18.7938
1670	 203 50 6.5478	 13 35 20.4365
1680	 206 20 31.1889	 13 45 22.0793
1690	 208 50 55.8301	 13 55 23.7220
1700	 211 21 20.4713	 14 5 25.3648
1710	 213 51 45.1125	 14 15 27.0075
1720	 216 22 9.7537	 14 25 28.6502
1730	 218 52 34.3949	 14 35 30.2930
1740	 221 22 59.0360	 14 45 31.9357
1750	 223 53 23.6772	 14 55 33.5785
1760	 226 23 48.3184	 15 5 35.2212
1770	 228 54 12.9596	 15 15 36.8640
1780	 231 24 37.6008	 15 25 38.5067
1790	 233 55 2.2420	 15 35 40.1495
1800	 236 25 26.8831	 15 45 41.7922
1810	 238 55 51.5243	 15 55 43.4350
1820	 241 26 16.1655	 16 5 45.0777
1830	 243 56 40.8067	 16 15 46.7204
1840	 246 27 5.4479	 16 25 48.3632
1850	 248 57 30.0891	 16 35 50.0059
1860	 251 27 54.7303	 16 45 51.6487
1870	 253 58 19.3714	 16 55 53.2914
1880	 256 28 44.0126	 17 5 54.9342
1890	 258 59 8.6538	 17 15 56.5769
1900	 261 29 33.2950	 17 25 58.2197
1910	 263 59 57.9362	 17 35 59.8624
1920	 266 30 22.5774	 17 46 1.5052
1930	 269 0 47.2185	 17 56 3.1479
1940	 271 31 11.8597	 18 6 4.7906
1950	 274 1 36.5009	 18 16 6.4334
1960	 276 32 1.1421	 18 26 8.0761
1970	 279 2 25.7833	 18 36 9.7189
1980	 281 32 50.4245	 18 46 11.3616
1990	 284 3 15.0656	 18 56 13.0044
2000	 286 33 39.7068	 19 6 14.6471
2010	 289 4 4.3480	 19 16 16.2899
2020	 291 34 28.9892	 19 26 17.9326
2030	 294 4 53.6304	 19 36 19.5754
2040	 296 35 18.2716	 19 46 21.2181
2050	 299 5 42.9128	 19 56 22.8609
2060	 301 36 7.5539	 20 6 24.5036
2070	 304 6 32.1951	 20 16 26.1463
2080	 306 36 56.8363	 20 26 27.7891
2090	 309 7 21.4775	 20 36 29.4318
2100	 311 37 46.1187	 20 46 31.0746
2110	 314 8 10.7599	 20 56 32.7173
2120	 316 38 35.4010	 21 6 34.3601
2130	 319 9 0.0422	 21 16 36.0028
2140	 321 39 24.6834	 21 26 37.6456
2150	 324 9 49.3246	 21 36 39.2883
2160	 326 40 13.9658	 21 46 40.9311
2170	 329 10 38.6070	 21 56 42.5738
2180	 331 41 3.2481	 22 6 44.2165
2190	 334 11 27.8893	 22 16 45.8593
2200	 336 41 52.5305	 22 26 47.5020
2210	 339 12 17.1717	 22 36 49.1448
2220	 341 42 41.8129	 22 46 50.7875
2230	 344 13 6.4541	 22 56 52.4303
2240	 346 43 31.0952	 23 6 54.0730
2250	 349 13 55.7364	 23 16 55.7158
2260	 351 44 20.3776	 23 26 57.3585
2270	 354 14 45.0188	 23 36 59.0013
2280	 356 45 9.6600	 23 47 0.6440
2290	 359 15 34.3012	 23 57 2.2867
2300	 1 45 58.9424	 0 7 3.9295
2310	 4 16 23.5835	 0 17 5.5722
2320	 6 46 48.2247	 0 27 7.2150
2330	 9 17 12.8659	 0 37 8.8577
2340	 11 47 37.5071	 0 47 10.5005
2350	 14 18 2.1483	 0 57 12.1432
2360	 16 48 26.7895	 1 7 13.7860
2370	 19 18 51.4306	 1 17 15.4287
2380	 21 49 16.0718	 1 27 17.0715
2390	 24 19 40.7130	 1 37 18.7142
2400	 26 50 5.3542	 1 47 20.3569
2410	 29 20 29.9954	 1 57 21.9997
2420	 31 50 54.6366	 2 7 23.6424
2430	 34 21 19.2777	 2 17 25.2852
2440	 36 51 43.9189	 2 27 26.9279
2450	 39 22 8.5601	 2 37 28.5707
2460	 41 52 33.2013	 2 47 30.2134
2470	 44 22 57.8425	 2 57 31.8562
2480	 46 53 22.4837	 3 7 33.4989
2490	 49 23 47.1249	 3 17 35.1417
2500	 51 54 11.7660	 3 27 36.7844
2510	 54 24 36.4072	 3 37 38.4271
2520	 56 55 1.0484	 3 47 40.0699
2530	 59 25 25.6896	 3 57 41.7126
2540	 61 55 50.3308	 4 7 43.3554
2550	 64 26 14.9720	 4 17 44.9981
2560	 66 56 39.6131	 4 27 46.6409
2570	 69 27 4.2543	 4 37 48.2836
2580	 71 57 28.8955	 4 47 49.9264
2590	 74 27 53.5367	 4 57 51.5691
2600	 76 58 18.1779	 5 7 53.2119
2610	 79 28 42.8191	 5 17 54.8546
2620	 81 59 7.4602	 5 27 56.4973
2630	 84 29 32.1014	 5 37 58.1401
2640	 86 59 56.7426	 5 47 59.7828
2650	 89 30 21.3838	 5 58 1.4256
2660	 92 0 46.0250	 6 8 3.0683
2670	 94 31 10.6662	 6 18 4.7111
2680	 97 1 35.3074	 6 28 6.3538
2690	 99 31 59.9485	 6 38 7.9966
2700	 102 2 24.5897	 6 48 9.6393
2710	 104 32 49.2309	 6 58 11.2821
2720	 107 3 13.8721	 7 8 12.9248
2730	 109 33 38.5133	 7 18 14.5676
2740	 112 4 3.1545	 7 28 16.2103
2750	 114 34 27.7956	 7 38 17.8530
2760	 117 4 52.4368	 7 48 19.4958
2770	 119 35 17.0780	 7 58 21.1385
2780	 122 5 41.7192	 8 8 22.7813
2790	 124 36 6.3604	 8 18 24.4240
2800	 127 6 31.0016	 8 28 26.0668
2810	 129 36 55.6427	 8 38 27.7095
2820	 132 7 20.2839	 8 48 29.3523
2830	 134 37 44.9251	 8 58 30.9950
2840	 137 8 9.5663	 9 8 32.6378
2850	 139 38 34.2075	 9 18 34.2805
2860	 142 8 58.8487	 9 28 35.9232
2870	 144 39 23.4899	 9 38 37.5660
2880	 147 9 48.1310	 9 48 39.2087
2890	 149 40 12.7722	 9 58 40.8515
2900	 152 10 37.4134	 10 8 42.4942
2910	 154 41 2.0546	 10 18 44.1370
2920	 157 11 26.6958	 10 28 45.7797
2930	 159 41 51.3370	 10 38 47.4225
2940	 162 12 15.9781	 10 48 49.0652
2950	 164 42 40.6193	 10 58 50.7080
2960	 167 13 5.2605	 11 8 52.3507
2970	 169 43 29.9017	 11 18 53.9934
2980	 172 13 54.5429	 11 28 55.6362
2990	 174 44 19.1841	 11 38 57.2789
3000	 177 14 43.8252	 11 48 58.9217
3010	 179 45 8.4664	 11 59 0.5644
3020	 182 15 33.1076	 12 9 2.2072
3030	 184 45 57.7488	 12 19 3.8499
3040	 187 16 22.3900	 12 29 5.4927
3050	 189 46 47.0312	 12 39 7.1354
3060	 192 17 11.6723	 12 49 8.7782
3070	 194 47 36.3135	 12 59 10.4209
3080	 197 18 0.9547	 13 9 12.0636
3090	 199 48 25.5959	 13 19 13.7064
3100	 202 18 50.2371	 13 29 15.3491
3110	 204 49 14.8783	 13 39 16.9919
3120	 207 19 39.5195	 13 49 18.6346
3130	 209 50 4.1606	 13 59 20.2774
3140	 212 20 28.8018	 14 9 21.9201
3150	 214 50 53.4430	 14 19 23.5629
3160	 217 21 18.0842	 14 29 25.2056
3170	 219 51 42.7254	 14 39 26.8484
3180	 222 22 7.3666	 14 49 28.4911
3190	 224 52 32.0077	 14 59 30.1338
3200	 227 22 56.6489	 15 9 31.7766
3210	 229 53 21.2901	 15 19 33.4193
3220	 232 23 45.9313	 15 29 35.0621
3230	 234 54 10.5725	 15 39 36.7048
3240	 237 24 35.2137	 15 49 38.3476
3250	 239 54 59.8548	 15 59 39.9903
3260	 242 25 24.4960	 16 9 41.6331
3270	 244 55 49.1372	 16 19 43.2758
3280	 247 26 13.7784	 16 29 44.9186
3290	 249 56 38.4196	 16 39 46.5613
3300	 252 27 3.0608	 16 49 48.2041
3310	 254 57 27.7020	 16 59 49.8468
3320	 257 27 52.3431	 17 9 51.4895
3330	 259 58 16.9843	 17 19 53.1323
3340	 262 28 41.6255	 17 29 54.7750
3350	 264 59 6.2667	 17 39 56.4178
3360	 267 29 30.9079	 17 49 58.0605
3370	 269 59 55.5491	 17 59 59.7033
3380	 272 30 20.1902	 18 10 1.3460
3390	 275 0 44.8314	 18 20 2.9888
3400	 277 31 9.4726	 18 30 4.6315
3410	 280 1 34.1138	 18 40 6.2743
3420	 282 31 58.7550	 18 50 7.9170
3430	 285 2 23.3962	 19 0 9.5597
3440	 287 32 48.0373	 19 10 11.2025
3450	 290 3 12.6785	 19 20 12.8452
3460	 292 33 37.3197	 19 30 14.4880
3470	 295 4 1.9609	 19 40 16.1307
3480	 297 34 26.6021	 19 50 17.7735
3490	 300 4 51.2433	 20 0 19.4162
3500	 302 35 15.8845	 20 10 21.0590
3510	 305 5 40.5256	 20 20 22.7017
3520	 307 36 5.1668	 20 30 24.3445
3530	 310 6 29.8080	 20 40 25.9872
3540	 312 36 54.4492	 20 50 27.6299
3550	 315 7 19.0904	 21 0 29.2727
3560	 317 37 43.7316	 21 10 30.9154
3570	 320 8 8.3727	 21 20 32.5582
3580	 322 38 33.0139	 21 30 34.2009
3590	 325 8 57.6551	 21 40 35.8437
3600	 327 39 22.2963	 21 50 37.4864
3610	 330 9 46.9375	 22 0 39.1292
3620	 332 40 11.5787	 22 10 40.7719
3630	 335 10 36.2198	 22 20 42.4147
3640	 337 41 0.8610	 22 30 44.0574
3650	 340 11 25.5022	 22 40 45.7001
3660	 342 41 50.1434	 22 50 47.3429
3670	 345 12 14.7846	 23 0 48.9856
3680	 347 42 39.4258	 23 10 50.6284
3690	 350 13 4.0670	 23 20 52.2711
3700	 352 43 28.7081	 23 30 53.9139
3710	 355 13 53.3493	 23 40 55.5566
3720	 357 44 17.9905	 23 50 57.1994
3730	 0 14 42.6317	 0 0 58.8421
3740	 2 45 7.2729	 0 11 0.4849
3750	 5 15 31.9141	 0 21 2.1276
3760	 7 45 56.5552	 0 31 3.7703
3770	 10 16 21.1964	 0 41 5.4131
3780	 12 46 45.8376	 0 51 7.0558
3790	 15 17 10.4788	 1 1 8.6986
3800	 17 47 35.1200	 1 11 10.3413
3810	 20 17 59.7612	 1 21 11.9841
3820	 22 48 24.4023	 1 31 13.6268
3830	 25 18 49.0435	 1 41 15.2696
3840	 27 49 13.6847	 1 51 16.9123
3850	 30 19 38.3259	 2 1 18.5551
3860	 32 50 2.9671	 2 11 20.1978
3870	 35 20 27.6083	 2 21 21.8406
3880	 37 50 52.2494	 2 31 23.4833
3890	 40 21 16.8906	 2 41 25.1260
3900	 42 51 41.5318	 2 51 26.7688
3910	 45 22 6.1730	 3 1 28.4115
3920	 47 52 30.8142	 3 11 30.0543
3930	 50 22 55.4554	 3 21 31.6970
3940	 52 53 20.0966	 3 31 33.3398
3950	 55 23 44.7377	 3 41 34.9825
3960	 57 54 9.3789	 3 51 36.6253
3970	 60 24 34.0201	 4 1 38.2680
3980	 62 54 58.6613	 4 11 39.9108
3990	 65 25 23.3025	 4 21 41.5535
4000	 67 55 47.9437	 4 31 43.1962
4010	 70 26 12.5848	 4 41 44.8390
4020	 72 56 37.2260	 4 51 46.4817
4030	 75 27 1.8672	 5 1 48.1245
4040	 77 57 26.5084	 5 11 49.7672
4050	 80 27 51.1496	 5 21 51.4100
4060	 82 58 15.7908	 5 31 53.0527
4070	 85 28 40.4319	 5 41 54.6955
4080	 87 59 5.0731	 5 51 56.3382
4090	 90 29 29.7143	 6 1 57.9810
4100	 92 59 54.3555	 6 11 59.6237
4110	 95 30 18.9967	 6 22 1.2664
4120	 98 0 43.6379	 6 32 2.9092
4130	 100 31 8.2791	 6 42 4.5519
4140	 103 1 32.9202	 6 52 6.1947
4150	 105 31 57.5614	 7 2 7.8374
4160	 108 2 22.2026	 7 12 9.4802
4170	 110 32 46.8438	 7 22 11.1229
4180	 113 3 11.4850	 7 32 12.7657
4190	 115 33 36.1262	 7 42 14.4084
4200	 118 4 0.7673	 7 52 16.0512
4210	 120 34 25.4085	 8 2 17.6939
4220	 123 4 50.0497	 8 12 19.3366
4230	 125 35 14.6909	 8 22 20.9794
4240	 128 5 39.3321	 8 32 22.6221
4250	 130 36 3.9733	 8 42 24.2649
4260	 133 6 28.6144	 8 52 25.9076
4270	 135 36 53.2556	 9 2 27.5504
4280	 138 7 17.8968	 9 12 29.1931
4290	 140 37 42.5380	 9 22 30.8359
4300	 143 8 7.1792	 9 32 32.4786
4310	 145 38 31.8204	 9 42 34.1214
4320	 148 8 56.4616	 9 52 35.7641
