  3   -5400  -10800 
  3   -5100  -10800 
  3   -4800  -10800 
  3   -4500  -10800 
  3   -4200  -10800 
  3   -3900  -10800 
  3   -3600  -10800 
  3   -3300  -10800 
  3   -3000  -10800 
  3   -2700  -10800 
  3   -2400  -10800 
  3   -2100  -10800 
  3   -1800  -10800 
  3   -1500  -10800 
  3   -1200  -10800 
  3    -900  -10800 
  3    -600  -10800 
  3    -300  -10800 
  3       0  -10800 
  3     300  -10800 
  3     600  -10800 
  3     900  -10800 
  3    1200  -10800 
  3    1500  -10800 
  3    1800  -10800 
  3    2100  -10800 
  3    2400  -10800 
  3    2700  -10800 
  3    3000  -10800 
  3    3300  -10800 
  3    3600  -10800 
  3    3900  -10800 
  3    4200  -10800 
  3    4500  -10800 
  3    4800  -10800 
  3    5100  -10800 
  3    5400  -10800 
  3   -5400   -9900 
  3   -5100   -9900 
  3   -4800   -9900 
  3   -4500   -9900 
  3   -4200   -9900 
  3   -3900   -9900 
  3   -3600   -9900 
  3   -3300   -9900 
  3   -3000   -9900 
  3   -2700   -9900 
  3   -2400   -9900 
  3   -2100   -9900 
  3   -1800   -9900 
  3   -1500   -9900 
  3   -1200   -9900 
  3    -900   -9900 
  3    -600   -9900 
  3    -300   -9900 
  3       0   -9900 
  3     300   -9900 
  3     600   -9900 
  3     900   -9900 
  3    1200   -9900 
  3    1500   -9900 
  3    1800   -9900 
  3    2100   -9900 
  3    2400   -9900 
  3    2700   -9900 
  3    3000   -9900 
  3    3300   -9900 
  3    3600   -9900 
  3    3900   -9900 
  3    4200   -9900 
  3    4500   -9900 
  3    4800   -9900 
  3    5100   -9900 
  3    5400   -9900 
  3   -5400   -9000 
  3   -5100   -9000 
  3   -4800   -9000 
  3   -4500   -9000 
  3   -4200   -9000 
  3   -3900   -9000 
  3   -3600   -9000 
  3   -3300   -9000 
  3   -3000   -9000 
  3   -2700   -9000 
  3   -2400   -9000 
  3   -2100   -9000 
  3   -1800   -9000 
  3   -1500   -9000 
  3   -1200   -9000 
  3    -900   -9000 
  3    -600   -9000 
  3    -300   -9000 
  3       0   -9000 
  3     300   -9000 
  3     600   -9000 
  3     900   -9000 
  3    1200   -9000 
  3    1500   -9000 
  3    1800   -9000 
  3    2100   -9000 
  3    2400   -9000 
  3    2700   -9000 
  3    3000   -9000 
  3    3300   -9000 
  3    3600   -9000 
  3    3900   -9000 
  3    4200   -9000 
  3    4500   -9000 
  3    4800   -9000 
  3    5100   -9000 
  3    5400   -9000 
  3   -5400   -8100 
  3   -5100   -8100 
  3   -4800   -8100 
  3   -4500   -8100 
  3   -4200   -8100 
  3   -3900   -8100 
  3   -3600   -8100 
  3   -3300   -8100 
  3   -3000   -8100 
  3   -2700   -8100 
  3   -2400   -8100 
  3   -2100   -8100 
  3   -1800   -8100 
  3   -1500   -8100 
  3   -1200   -8100 
  3    -900   -8100 
  3    -600   -8100 
  3    -300   -8100 
  3       0   -8100 
  3     300   -8100 
  3     600   -8100 
  3     900   -8100 
  3    1200   -8100 
  3    1500   -8100 
  3    1800   -8100 
  3    2100   -8100 
  3    2400   -8100 
  3    2700   -8100 
  3    3000   -8100 
  3    3300   -8100 
  3    3600   -8100 
  3    3900   -8100 
  3    4200   -8100 
  3    4500   -8100 
  3    4800   -8100 
  3    5100   -8100 
  3    5400   -8100 
  3   -5400   -7200 
  3   -5100   -7200 
  3   -4800   -7200 
  3   -4500   -7200 
  3   -4200   -7200 
  3   -3900   -7200 
  3   -3600   -7200 
  3   -3300   -7200 
  3   -3000   -7200 
  3   -2700   -7200 
  3   -2400   -7200 
  3   -2100   -7200 
  3   -1800   -7200 
  3   -1500   -7200 
  3   -1200   -7200 
  3    -900   -7200 
  3    -600   -7200 
  3    -300   -7200 
  3       0   -7200 
  3     300   -7200 
  3     600   -7200 
  3     900   -7200 
  3    1200   -7200 
  3    1500   -7200 
  3    1800   -7200 
  3    2100   -7200 
  3    2400   -7200 
  3    2700   -7200 
  3    3000   -7200 
  3    3300   -7200 
  3    3600   -7200 
  3    3900   -7200 
  3    4200   -7200 
  3    4500   -7200 
  3    4800   -7200 
  3    5100   -7200 
  3    5400   -7200 
  3   -5400   -6300 
  3   -5100   -6300 
  3   -4800   -6300 
  3   -4500   -6300 
  3   -4200   -6300 
  3   -3900   -6300 
  3   -3600   -6300 
  3   -3300   -6300 
  3   -3000   -6300 
  3   -2700   -6300 
  3   -2400   -6300 
  3   -2100   -6300 
  3   -1800   -6300 
  3   -1500   -6300 
  3   -1200   -6300 
  3    -900   -6300 
  3    -600   -6300 
  3    -300   -6300 
  3       0   -6300 
  3     300   -6300 
  3     600   -6300 
  3     900   -6300 
  3    1200   -6300 
  3    1500   -6300 
  3    1800   -6300 
  3    2100   -6300 
  3    2400   -6300 
  3    2700   -6300 
  3    3000   -6300 
  3    3300   -6300 
  3    3600   -6300 
  3    3900   -6300 
  3    4200   -6300 
  3    4500   -6300 
  3    4800   -6300 
  3    5100   -6300 
  3    5400   -6300 
  3   -5400   -5400 
  3   -5100   -5400 
  3   -4800   -5400 
  3   -4500   -5400 
  3   -4200   -5400 
  3   -3900   -5400 
  3   -3600   -5400 
  3   -3300   -5400 
  3   -3000   -5400 
  3   -2700   -5400 
  3   -2400   -5400 
  3   -2100   -5400 
  3   -1800   -5400 
  3   -1500   -5400 
  3   -1200   -5400 
  3    -900   -5400 
  3    -600   -5400 
  3    -300   -5400 
  3       0   -5400 
  3     300   -5400 
  3     600   -5400 
  3     900   -5400 
  3    1200   -5400 
  3    1500   -5400 
  3    1800   -5400 
  3    2100   -5400 
  3    2400   -5400 
  3    2700   -5400 
  3    3000   -5400 
  3    3300   -5400 
  3    3600   -5400 
  3    3900   -5400 
  3    4200   -5400 
  3    4500   -5400 
  3    4800   -5400 
  3    5100   -5400 
  3    5400   -5400 
  3   -5400   -4500 
  3   -5100   -4500 
  3   -4800   -4500 
  3   -4500   -4500 
  3   -4200   -4500 
  3   -3900   -4500 
  3   -3600   -4500 
  3   -3300   -4500 
  3   -3000   -4500 
  3   -2700   -4500 
  3   -2400   -4500 
  3   -2100   -4500 
  3   -1800   -4500 
  3   -1500   -4500 
  3   -1200   -4500 
  3    -900   -4500 
  3    -600   -4500 
  3    -300   -4500 
  3       0   -4500 
  3     300   -4500 
  3     600   -4500 
  3     900   -4500 
  3    1200   -4500 
  3    1500   -4500 
  3    1800   -4500 
  3    2100   -4500 
  3    2400   -4500 
  3    2700   -4500 
  3    3000   -4500 
  3    3300   -4500 
  3    3600   -4500 
  3    3900   -4500 
  3    4200   -4500 
  3    4500   -4500 
  3    4800   -4500 
  3    5100   -4500 
  3    5400   -4500 
  3   -5400   -3600 
  3   -5100   -3600 
  3   -4800   -3600 
  3   -4500   -3600 
  3   -4200   -3600 
  3   -3900   -3600 
  3   -3600   -3600 
  3   -3300   -3600 
  3   -3000   -3600 
  3   -2700   -3600 
  3   -2400   -3600 
  3   -2100   -3600 
  3   -1800   -3600 
  3   -1500   -3600 
  3   -1200   -3600 
  3    -900   -3600 
  3    -600   -3600 
  3    -300   -3600 
  3       0   -3600 
  3     300   -3600 
  3     600   -3600 
  3     900   -3600 
  3    1200   -3600 
  3    1500   -3600 
  3    1800   -3600 
  3    2100   -3600 
  3    2400   -3600 
  3    2700   -3600 
  3    3000   -3600 
  3    3300   -3600 
  3    3600   -3600 
  3    3900   -3600 
  3    4200   -3600 
  3    4500   -3600 
  3    4800   -3600 
  3    5100   -3600 
  3    5400   -3600 
  3   -5400   -2700 
  3   -5100   -2700 
  3   -4800   -2700 
  3   -4500   -2700 
  3   -4200   -2700 
  3   -3900   -2700 
  3   -3600   -2700 
  3   -3300   -2700 
  3   -3000   -2700 
  3   -2700   -2700 
  3   -2400   -2700 
  3   -2100   -2700 
  3   -1800   -2700 
  3   -1500   -2700 
  3   -1200   -2700 
  3    -900   -2700 
  3    -600   -2700 
  3    -300   -2700 
  3       0   -2700 
  3     300   -2700 
  3     600   -2700 
  3     900   -2700 
  3    1200   -2700 
  3    1500   -2700 
  3    1800   -2700 
  3    2100   -2700 
  3    2400   -2700 
  3    2700   -2700 
  3    3000   -2700 
  3    3300   -2700 
  3    3600   -2700 
  3    3900   -2700 
  3    4200   -2700 
  3    4500   -2700 
  3    4800   -2700 
  3    5100   -2700 
  3    5400   -2700 
  3   -5400   -1800 
  3   -5100   -1800 
  3   -4800   -1800 
  3   -4500   -1800 
  3   -4200   -1800 
  3   -3900   -1800 
  3   -3600   -1800 
  3   -3300   -1800 
  3   -3000   -1800 
  3   -2700   -1800 
  3   -2400   -1800 
  3   -2100   -1800 
  3   -1800   -1800 
  3   -1500   -1800 
  3   -1200   -1800 
  3    -900   -1800 
  3    -600   -1800 
  3    -300   -1800 
  3       0   -1800 
  3     300   -1800 
  3     600   -1800 
  3     900   -1800 
  3    1200   -1800 
  3    1500   -1800 
  3    1800   -1800 
  3    2100   -1800 
  3    2400   -1800 
  3    2700   -1800 
  3    3000   -1800 
  3    3300   -1800 
  3    3600   -1800 
  3    3900   -1800 
  3    4200   -1800 
  3    4500   -1800 
  3    4800   -1800 
  3    5100   -1800 
  3    5400   -1800 
  3   -5400    -900 
  3   -5100    -900 
  3   -4800    -900 
  3   -4500    -900 
  3   -4200    -900 
  3   -3900    -900 
  3   -3600    -900 
  3   -3300    -900 
  3   -3000    -900 
  3   -2700    -900 
  3   -2400    -900 
  3   -2100    -900 
  3   -1800    -900 
  3   -1500    -900 
  3   -1200    -900 
  3    -900    -900 
  3    -600    -900 
  3    -300    -900 
  3       0    -900 
  3     300    -900 
  3     600    -900 
  3     900    -900 
  3    1200    -900 
  3    1500    -900 
  3    1800    -900 
  3    2100    -900 
  3    2400    -900 
  3    2700    -900 
  3    3000    -900 
  3    3300    -900 
  3    3600    -900 
  3    3900    -900 
  3    4200    -900 
  3    4500    -900 
  3    4800    -900 
  3    5100    -900 
  3    5400    -900 
  3   -5400       0 
  3   -5100       0 
  3   -4800       0 
  3   -4500       0 
  3   -4200       0 
  3   -3900       0 
  3   -3600       0 
  3   -3300       0 
  3   -3000       0 
  3   -2700       0 
  3   -2400       0 
  3   -2100       0 
  3   -1800       0 
  3   -1500       0 
  3   -1200       0 
  3    -900       0 
  3    -600       0 
  3    -300       0 
  3       0       0 
  3     300       0 
  3     600       0 
  3     900       0 
  3    1200       0 
  3    1500       0 
  3    1800       0 
  3    2100       0 
  3    2400       0 
  3    2700       0 
  3    3000       0 
  3    3300       0 
  3    3600       0 
  3    3900       0 
  3    4200       0 
  3    4500       0 
  3    4800       0 
  3    5100       0 
  3    5400       0 
  3   -5400     900 
  3   -5100     900 
  3   -4800     900 
  3   -4500     900 
  3   -4200     900 
  3   -3900     900 
  3   -3600     900 
  3   -3300     900 
  3   -3000     900 
  3   -2700     900 
  3   -2400     900 
  3   -2100     900 
  3   -1800     900 
  3   -1500     900 
  3   -1200     900 
  3    -900     900 
  3    -600     900 
  3    -300     900 
  3       0     900 
  3     300     900 
  3     600     900 
  3     900     900 
  3    1200     900 
  3    1500     900 
  3    1800     900 
  3    2100     900 
  3    2400     900 
  3    2700     900 
  3    3000     900 
  3    3300     900 
  3    3600     900 
  3    3900     900 
  3    4200     900 
  3    4500     900 
  3    4800     900 
  3    5100     900 
  3    5400     900 
  3   -5400    1800 
  3   -5100    1800 
  3   -4800    1800 
  3   -4500    1800 
  3   -4200    1800 
  3   -3900    1800 
  3   -3600    1800 
  3   -3300    1800 
  3   -3000    1800 
  3   -2700    1800 
  3   -2400    1800 
  3   -2100    1800 
  3   -1800    1800 
  3   -1500    1800 
  3   -1200    1800 
  3    -900    1800 
  3    -600    1800 
  3    -300    1800 
  3       0    1800 
  3     300    1800 
  3     600    1800 
  3     900    1800 
  3    1200    1800 
  3    1500    1800 
  3    1800    1800 
  3    2100    1800 
  3    2400    1800 
  3    2700    1800 
  3    3000    1800 
  3    3300    1800 
  3    3600    1800 
  3    3900    1800 
  3    4200    1800 
  3    4500    1800 
  3    4800    1800 
  3    5100    1800 
  3    5400    1800 
  3   -5400    2700 
  3   -5100    2700 
  3   -4800    2700 
  3   -4500    2700 
  3   -4200    2700 
  3   -3900    2700 
  3   -3600    2700 
  3   -3300    2700 
  3   -3000    2700 
  3   -2700    2700 
  3   -2400    2700 
  3   -2100    2700 
  3   -1800    2700 
  3   -1500    2700 
  3   -1200    2700 
  3    -900    2700 
  3    -600    2700 
  3    -300    2700 
  3       0    2700 
  3     300    2700 
  3     600    2700 
  3     900    2700 
  3    1200    2700 
  3    1500    2700 
  3    1800    2700 
  3    2100    2700 
  3    2400    2700 
  3    2700    2700 
  3    3000    2700 
  3    3300    2700 
  3    3600    2700 
  3    3900    2700 
  3    4200    2700 
  3    4500    2700 
  3    4800    2700 
  3    5100    2700 
  3    5400    2700 
  3   -5400    3600 
  3   -5100    3600 
  3   -4800    3600 
  3   -4500    3600 
  3   -4200    3600 
  3   -3900    3600 
  3   -3600    3600 
  3   -3300    3600 
  3   -3000    3600 
  3   -2700    3600 
  3   -2400    3600 
  3   -2100    3600 
  3   -1800    3600 
  3   -1500    3600 
  3   -1200    3600 
  3    -900    3600 
  3    -600    3600 
  3    -300    3600 
  3       0    3600 
  3     300    3600 
  3     600    3600 
  3     900    3600 
  3    1200    3600 
  3    1500    3600 
  3    1800    3600 
  3    2100    3600 
  3    2400    3600 
  3    2700    3600 
  3    3000    3600 
  3    3300    3600 
  3    3600    3600 
  3    3900    3600 
  3    4200    3600 
  3    4500    3600 
  3    4800    3600 
  3    5100    3600 
  3    5400    3600 
  3   -5400    4500 
  3   -5100    4500 
  3   -4800    4500 
  3   -4500    4500 
  3   -4200    4500 
  3   -3900    4500 
  3   -3600    4500 
  3   -3300    4500 
  3   -3000    4500 
  3   -2700    4500 
  3   -2400    4500 
  3   -2100    4500 
  3   -1800    4500 
  3   -1500    4500 
  3   -1200    4500 
  3    -900    4500 
  3    -600    4500 
  3    -300    4500 
  3       0    4500 
  3     300    4500 
  3     600    4500 
  3     900    4500 
  3    1200    4500 
  3    1500    4500 
  3    1800    4500 
  3    2100    4500 
  3    2400    4500 
  3    2700    4500 
  3    3000    4500 
  3    3300    4500 
  3    3600    4500 
  3    3900    4500 
  3    4200    4500 
  3    4500    4500 
  3    4800    4500 
  3    5100    4500 
  3    5400    4500 
  3   -5400    5400 
  3   -5100    5400 
  3   -4800    5400 
  3   -4500    5400 
  3   -4200    5400 
  3   -3900    5400 
  3   -3600    5400 
  3   -3300    5400 
  3   -3000    5400 
  3   -2700    5400 
  3   -2400    5400 
  3   -2100    5400 
  3   -1800    5400 
  3   -1500    5400 
  3   -1200    5400 
  3    -900    5400 
  3    -600    5400 
  3    -300    5400 
  3       0    5400 
  3     300    5400 
  3     600    5400 
  3     900    5400 
  3    1200    5400 
  3    1500    5400 
  3    1800    5400 
  3    2100    5400 
  3    2400    5400 
  3    2700    5400 
  3    3000    5400 
  3    3300    5400 
  3    3600    5400 
  3    3900    5400 
  3    4200    5400 
  3    4500    5400 
  3    4800    5400 
  3    5100    5400 
  3    5400    5400 
  3   -5400    6300 
  3   -5100    6300 
  3   -4800    6300 
  3   -4500    6300 
  3   -4200    6300 
  3   -3900    6300 
  3   -3600    6300 
  3   -3300    6300 
  3   -3000    6300 
  3   -2700    6300 
  3   -2400    6300 
  3   -2100    6300 
  3   -1800    6300 
  3   -1500    6300 
  3   -1200    6300 
  3    -900    6300 
  3    -600    6300 
  3    -300    6300 
  3       0    6300 
  3     300    6300 
  3     600    6300 
  3     900    6300 
  3    1200    6300 
  3    1500    6300 
  3    1800    6300 
  3    2100    6300 
  3    2400    6300 
  3    2700    6300 
  3    3000    6300 
  3    3300    6300 
  3    3600    6300 
  3    3900    6300 
  3    4200    6300 
  3    4500    6300 
  3    4800    6300 
  3    5100    6300 
  3    5400    6300 
  3   -5400    7200 
  3   -5100    7200 
  3   -4800    7200 
  3   -4500    7200 
  3   -4200    7200 
  3   -3900    7200 
  3   -3600    7200 
  3   -3300    7200 
  3   -3000    7200 
  3   -2700    7200 
  3   -2400    7200 
  3   -2100    7200 
  3   -1800    7200 
  3   -1500    7200 
  3   -1200    7200 
  3    -900    7200 
  3    -600    7200 
  3    -300    7200 
  3       0    7200 
  3     300    7200 
  3     600    7200 
  3     900    7200 
  3    1200    7200 
  3    1500    7200 
  3    1800    7200 
  3    2100    7200 
  3    2400    7200 
  3    2700    7200 
  3    3000    7200 
  3    3300    7200 
  3    3600    7200 
  3    3900    7200 
  3    4200    7200 
  3    4500    7200 
  3    4800    7200 
  3    5100    7200 
  3    5400    7200 
  3   -5400    8100 
  3   -5100    8100 
  3   -4800    8100 
  3   -4500    8100 
  3   -4200    8100 
  3   -3900    8100 
  3   -3600    8100 
  3   -3300    8100 
  3   -3000    8100 
  3   -2700    8100 
  3   -2400    8100 
  3   -2100    8100 
  3   -1800    8100 
  3   -1500    8100 
  3   -1200    8100 
  3    -900    8100 
  3    -600    8100 
  3    -300    8100 
  3       0    8100 
  3     300    8100 
  3     600    8100 
  3     900    8100 
  3    1200    8100 
  3    1500    8100 
  3    1800    8100 
  3    2100    8100 
  3    2400    8100 
  3    2700    8100 
  3    3000    8100 
  3    3300    8100 
  3    3600    8100 
  3    3900    8100 
  3    4200    8100 
  3    4500    8100 
  3    4800    8100 
  3    5100    8100 
  3    5400    8100 
  3   -5400    9000 
  3   -5100    9000 
  3   -4800    9000 
  3   -4500    9000 
  3   -4200    9000 
  3   -3900    9000 
  3   -3600    9000 
  3   -3300    9000 
  3   -3000    9000 
  3   -2700    9000 
  3   -2400    9000 
  3   -2100    9000 
  3   -1800    9000 
  3   -1500    9000 
  3   -1200    9000 
  3    -900    9000 
  3    -600    9000 
  3    -300    9000 
  3       0    9000 
  3     300    9000 
  3     600    9000 
  3     900    9000 
  3    1200    9000 
  3    1500    9000 
  3    1800    9000 
  3    2100    9000 
  3    2400    9000 
  3    2700    9000 
  3    3000    9000 
  3    3300    9000 
  3    3600    9000 
  3    3900    9000 
  3    4200    9000 
  3    4500    9000 
  3    4800    9000 
  3    5100    9000 
  3    5400    9000 
  3   -5400    9900 
  3   -5100    9900 
  3   -4800    9900 
  3   -4500    9900 
  3   -4200    9900 
  3   -3900    9900 
  3   -3600    9900 
  3   -3300    9900 
  3   -3000    9900 
  3   -2700    9900 
  3   -2400    9900 
  3   -2100    9900 
  3   -1800    9900 
  3   -1500    9900 
  3   -1200    9900 
  3    -900    9900 
  3    -600    9900 
  3    -300    9900 
  3       0    9900 
  3     300    9900 
  3     600    9900 
  3     900    9900 
  3    1200    9900 
  3    1500    9900 
  3    1800    9900 
  3    2100    9900 
  3    2400    9900 
  3    2700    9900 
  3    3000    9900 
  3    3300    9900 
  3    3600    9900 
  3    3900    9900 
  3    4200    9900 
  3    4500    9900 
  3    4800    9900 
  3    5100    9900 
  3    5400    9900 
  3   -5400   10800 
  3   -5100   10800 
  3   -4800   10800 
  3   -4500   10800 
  3   -4200   10800 
  3   -3900   10800 
  3   -3600   10800 
  3   -3300   10800 
  3   -3000   10800 
  3   -2700   10800 
  3   -2400   10800 
  3   -2100   10800 
  3   -1800   10800 
  3   -1500   10800 
  3   -1200   10800 
  3    -900   10800 
  3    -600   10800 
  3    -300   10800 
  3       0   10800 
  3     300   10800 
  3     600   10800 
  3     900   10800 
  3    1200   10800 
  3    1500   10800 
  3    1800   10800 
  3    2100   10800 
  3    2400   10800 
  3    2700   10800 
  3    3000   10800 
  3    3300   10800 
  3    3600   10800 
  3    3900   10800 
  3    4200   10800 
  3    4500   10800 
  3    4800   10800 
  3    5100   10800 
  3    5400   10800 
  3   -5400  -10800 
  3   -5400  -10500 
  3   -5400  -10200 
  3   -5400   -9900 
  3   -5400   -9600 
  3   -5400   -9300 
  3   -5400   -9000 
  3   -5400   -8700 
  3   -5400   -8400 
  3   -5400   -8100 
  3   -5400   -7800 
  3   -5400   -7500 
  3   -5400   -7200 
  3   -5400   -6900 
  3   -5400   -6600 
  3   -5400   -6300 
  3   -5400   -6000 
  3   -5400   -5700 
  3   -5400   -5400 
  3   -5400   -5100 
  3   -5400   -4800 
  3   -5400   -4500 
  3   -5400   -4200 
  3   -5400   -3900 
  3   -5400   -3600 
  3   -5400   -3300 
  3   -5400   -3000 
  3   -5400   -2700 
  3   -5400   -2400 
  3   -5400   -2100 
  3   -5400   -1800 
  3   -5400   -1500 
  3   -5400   -1200 
  3   -5400    -900 
  3   -5400    -600 
  3   -5400    -300 
  3   -5400       0 
  3   -5400     300 
  3   -5400     600 
  3   -5400     900 
  3   -5400    1200 
  3   -5400    1500 
  3   -5400    1800 
  3   -5400    2100 
  3   -5400    2400 
  3   -5400    2700 
  3   -5400    3000 
  3   -5400    3300 
  3   -5400    3600 
  3   -5400    3900 
  3   -5400    4200 
  3   -5400    4500 
  3   -5400    4800 
  3   -5400    5100 
  3   -5400    5400 
  3   -5400    5700 
  3   -5400    6000 
  3   -5400    6300 
  3   -5400    6600 
  3   -5400    6900 
  3   -5400    7200 
  3   -5400    7500 
  3   -5400    7800 
  3   -5400    8100 
  3   -5400    8400 
  3   -5400    8700 
  3   -5400    9000 
  3   -5400    9300 
  3   -5400    9600 
  3   -5400    9900 
  3   -5400   10200 
  3   -5400   10500 
  3   -5400   10800 
  3   -4500  -10800 
  3   -4500  -10500 
  3   -4500  -10200 
  3   -4500   -9900 
  3   -4500   -9600 
  3   -4500   -9300 
  3   -4500   -9000 
  3   -4500   -8700 
  3   -4500   -8400 
  3   -4500   -8100 
  3   -4500   -7800 
  3   -4500   -7500 
  3   -4500   -7200 
  3   -4500   -6900 
  3   -4500   -6600 
  3   -4500   -6300 
  3   -4500   -6000 
  3   -4500   -5700 
  3   -4500   -5400 
  3   -4500   -5100 
  3   -4500   -4800 
  3   -4500   -4500 
  3   -4500   -4200 
  3   -4500   -3900 
  3   -4500   -3600 
  3   -4500   -3300 
  3   -4500   -3000 
  3   -4500   -2700 
  3   -4500   -2400 
  3   -4500   -2100 
  3   -4500   -1800 
  3   -4500   -1500 
  3   -4500   -1200 
  3   -4500    -900 
  3   -4500    -600 
  3   -4500    -300 
  3   -4500       0 
  3   -4500     300 
  3   -4500     600 
  3   -4500     900 
  3   -4500    1200 
  3   -4500    1500 
  3   -4500    1800 
  3   -4500    2100 
  3   -4500    2400 
  3   -4500    2700 
  3   -4500    3000 
  3   -4500    3300 
  3   -4500    3600 
  3   -4500    3900 
  3   -4500    4200 
  3   -4500    4500 
  3   -4500    4800 
  3   -4500    5100 
  3   -4500    5400 
  3   -4500    5700 
  3   -4500    6000 
  3   -4500    6300 
  3   -4500    6600 
  3   -4500    6900 
  3   -4500    7200 
  3   -4500    7500 
  3   -4500    7800 
  3   -4500    8100 
  3   -4500    8400 
  3   -4500    8700 
  3   -4500    9000 
  3   -4500    9300 
  3   -4500    9600 
  3   -4500    9900 
  3   -4500   10200 
  3   -4500   10500 
  3   -4500   10800 
  3   -3600  -10800 
  3   -3600  -10500 
  3   -3600  -10200 
  3   -3600   -9900 
  3   -3600   -9600 
  3   -3600   -9300 
  3   -3600   -9000 
  3   -3600   -8700 
  3   -3600   -8400 
  3   -3600   -8100 
  3   -3600   -7800 
  3   -3600   -7500 
  3   -3600   -7200 
  3   -3600   -6900 
  3   -3600   -6600 
  3   -3600   -6300 
  3   -3600   -6000 
  3   -3600   -5700 
  3   -3600   -5400 
  3   -3600   -5100 
  3   -3600   -4800 
  3   -3600   -4500 
  3   -3600   -4200 
  3   -3600   -3900 
  3   -3600   -3600 
  3   -3600   -3300 
  3   -3600   -3000 
  3   -3600   -2700 
  3   -3600   -2400 
  3   -3600   -2100 
  3   -3600   -1800 
  3   -3600   -1500 
  3   -3600   -1200 
  3   -3600    -900 
  3   -3600    -600 
  3   -3600    -300 
  3   -3600       0 
  3   -3600     300 
  3   -3600     600 
  3   -3600     900 
  3   -3600    1200 
  3   -3600    1500 
  3   -3600    1800 
  3   -3600    2100 
  3   -3600    2400 
  3   -3600    2700 
  3   -3600    3000 
  3   -3600    3300 
  3   -3600    3600 
  3   -3600    3900 
  3   -3600    4200 
  3   -3600    4500 
  3   -3600    4800 
  3   -3600    5100 
  3   -3600    5400 
  3   -3600    5700 
  3   -3600    6000 
  3   -3600    6300 
  3   -3600    6600 
  3   -3600    6900 
  3   -3600    7200 
  3   -3600    7500 
  3   -3600    7800 
  3   -3600    8100 
  3   -3600    8400 
  3   -3600    8700 
  3   -3600    9000 
  3   -3600    9300 
  3   -3600    9600 
  3   -3600    9900 
  3   -3600   10200 
  3   -3600   10500 
  3   -3600   10800 
  3   -2700  -10800 
  3   -2700  -10500 
  3   -2700  -10200 
  3   -2700   -9900 
  3   -2700   -9600 
  3   -2700   -9300 
  3   -2700   -9000 
  3   -2700   -8700 
  3   -2700   -8400 
  3   -2700   -8100 
  3   -2700   -7800 
  3   -2700   -7500 
  3   -2700   -7200 
  3   -2700   -6900 
  3   -2700   -6600 
  3   -2700   -6300 
  3   -2700   -6000 
  3   -2700   -5700 
  3   -2700   -5400 
  3   -2700   -5100 
  3   -2700   -4800 
  3   -2700   -4500 
  3   -2700   -4200 
  3   -2700   -3900 
  3   -2700   -3600 
  3   -2700   -3300 
  3   -2700   -3000 
  3   -2700   -2700 
  3   -2700   -2400 
  3   -2700   -2100 
  3   -2700   -1800 
  3   -2700   -1500 
  3   -2700   -1200 
  3   -2700    -900 
  3   -2700    -600 
  3   -2700    -300 
  3   -2700       0 
  3   -2700     300 
  3   -2700     600 
  3   -2700     900 
  3   -2700    1200 
  3   -2700    1500 
  3   -2700    1800 
  3   -2700    2100 
  3   -2700    2400 
  3   -2700    2700 
  3   -2700    3000 
  3   -2700    3300 
  3   -2700    3600 
  3   -2700    3900 
  3   -2700    4200 
  3   -2700    4500 
  3   -2700    4800 
  3   -2700    5100 
  3   -2700    5400 
  3   -2700    5700 
  3   -2700    6000 
  3   -2700    6300 
  3   -2700    6600 
  3   -2700    6900 
  3   -2700    7200 
  3   -2700    7500 
  3   -2700    7800 
  3   -2700    8100 
  3   -2700    8400 
  3   -2700    8700 
  3   -2700    9000 
  3   -2700    9300 
  3   -2700    9600 
  3   -2700    9900 
  3   -2700   10200 
  3   -2700   10500 
  3   -2700   10800 
  3   -1800  -10800 
  3   -1800  -10500 
  3   -1800  -10200 
  3   -1800   -9900 
  3   -1800   -9600 
  3   -1800   -9300 
  3   -1800   -9000 
  3   -1800   -8700 
  3   -1800   -8400 
  3   -1800   -8100 
  3   -1800   -7800 
  3   -1800   -7500 
  3   -1800   -7200 
  3   -1800   -6900 
  3   -1800   -6600 
  3   -1800   -6300 
  3   -1800   -6000 
  3   -1800   -5700 
  3   -1800   -5400 
  3   -1800   -5100 
  3   -1800   -4800 
  3   -1800   -4500 
  3   -1800   -4200 
  3   -1800   -3900 
  3   -1800   -3600 
  3   -1800   -3300 
  3   -1800   -3000 
  3   -1800   -2700 
  3   -1800   -2400 
  3   -1800   -2100 
  3   -1800   -1800 
  3   -1800   -1500 
  3   -1800   -1200 
  3   -1800    -900 
  3   -1800    -600 
  3   -1800    -300 
  3   -1800       0 
  3   -1800     300 
  3   -1800     600 
  3   -1800     900 
  3   -1800    1200 
  3   -1800    1500 
  3   -1800    1800 
  3   -1800    2100 
  3   -1800    2400 
  3   -1800    2700 
  3   -1800    3000 
  3   -1800    3300 
  3   -1800    3600 
  3   -1800    3900 
  3   -1800    4200 
  3   -1800    4500 
  3   -1800    4800 
  3   -1800    5100 
  3   -1800    5400 
  3   -1800    5700 
  3   -1800    6000 
  3   -1800    6300 
  3   -1800    6600 
  3   -1800    6900 
  3   -1800    7200 
  3   -1800    7500 
  3   -1800    7800 
  3   -1800    8100 
  3   -1800    8400 
  3   -1800    8700 
  3   -1800    9000 
  3   -1800    9300 
  3   -1800    9600 
  3   -1800    9900 
  3   -1800   10200 
  3   -1800   10500 
  3   -1800   10800 
  3    -900  -10800 
  3    -900  -10500 
  3    -900  -10200 
  3    -900   -9900 
  3    -900   -9600 
  3    -900   -9300 
  3    -900   -9000 
  3    -900   -8700 
  3    -900   -8400 
  3    -900   -8100 
  3    -900   -7800 
  3    -900   -7500 
  3    -900   -7200 
  3    -900   -6900 
  3    -900   -6600 
  3    -900   -6300 
  3    -900   -6000 
  3    -900   -5700 
  3    -900   -5400 
  3    -900   -5100 
  3    -900   -4800 
  3    -900   -4500 
  3    -900   -4200 
  3    -900   -3900 
  3    -900   -3600 
  3    -900   -3300 
  3    -900   -3000 
  3    -900   -2700 
  3    -900   -2400 
  3    -900   -2100 
  3    -900   -1800 
  3    -900   -1500 
  3    -900   -1200 
  3    -900    -900 
  3    -900    -600 
  3    -900    -300 
  3    -900       0 
  3    -900     300 
  3    -900     600 
  3    -900     900 
  3    -900    1200 
  3    -900    1500 
  3    -900    1800 
  3    -900    2100 
  3    -900    2400 
  3    -900    2700 
  3    -900    3000 
  3    -900    3300 
  3    -900    3600 
  3    -900    3900 
  3    -900    4200 
  3    -900    4500 
  3    -900    4800 
  3    -900    5100 
  3    -900    5400 
  3    -900    5700 
  3    -900    6000 
  3    -900    6300 
  3    -900    6600 
  3    -900    6900 
  3    -900    7200 
  3    -900    7500 
  3    -900    7800 
  3    -900    8100 
  3    -900    8400 
  3    -900    8700 
  3    -900    9000 
  3    -900    9300 
  3    -900    9600 
  3    -900    9900 
  3    -900   10200 
  3    -900   10500 
  3    -900   10800 
  3       0  -10800 
  3       0  -10500 
  3       0  -10200 
  3       0   -9900 
  3       0   -9600 
  3       0   -9300 
  3       0   -9000 
  3       0   -8700 
  3       0   -8400 
  3       0   -8100 
  3       0   -7800 
  3       0   -7500 
  3       0   -7200 
  3       0   -6900 
  3       0   -6600 
  3       0   -6300 
  3       0   -6000 
  3       0   -5700 
  3       0   -5400 
  3       0   -5100 
  3       0   -4800 
  3       0   -4500 
  3       0   -4200 
  3       0   -3900 
  3       0   -3600 
  3       0   -3300 
  3       0   -3000 
  3       0   -2700 
  3       0   -2400 
  3       0   -2100 
  3       0   -1800 
  3       0   -1500 
  3       0   -1200 
  3       0    -900 
  3       0    -600 
  3       0    -300 
  3       0       0 
  3       0     300 
  3       0     600 
  3       0     900 
  3       0    1200 
  3       0    1500 
  3       0    1800 
  3       0    2100 
  3       0    2400 
  3       0    2700 
  3       0    3000 
  3       0    3300 
  3       0    3600 
  3       0    3900 
  3       0    4200 
  3       0    4500 
  3       0    4800 
  3       0    5100 
  3       0    5400 
  3       0    5700 
  3       0    6000 
  3       0    6300 
  3       0    6600 
  3       0    6900 
  3       0    7200 
  3       0    7500 
  3       0    7800 
  3       0    8100 
  3       0    8400 
  3       0    8700 
  3       0    9000 
  3       0    9300 
  3       0    9600 
  3       0    9900 
  3       0   10200 
  3       0   10500 
  3       0   10800 
  3     900  -10800 
  3     900  -10500 
  3     900  -10200 
  3     900   -9900 
  3     900   -9600 
  3     900   -9300 
  3     900   -9000 
  3     900   -8700 
  3     900   -8400 
  3     900   -8100 
  3     900   -7800 
  3     900   -7500 
  3     900   -7200 
  3     900   -6900 
  3     900   -6600 
  3     900   -6300 
  3     900   -6000 
  3     900   -5700 
  3     900   -5400 
  3     900   -5100 
  3     900   -4800 
  3     900   -4500 
  3     900   -4200 
  3     900   -3900 
  3     900   -3600 
  3     900   -3300 
  3     900   -3000 
  3     900   -2700 
  3     900   -2400 
  3     900   -2100 
  3     900   -1800 
  3     900   -1500 
  3     900   -1200 
  3     900    -900 
  3     900    -600 
  3     900    -300 
  3     900       0 
  3     900     300 
  3     900     600 
  3     900     900 
  3     900    1200 
  3     900    1500 
  3     900    1800 
  3     900    2100 
  3     900    2400 
  3     900    2700 
  3     900    3000 
  3     900    3300 
  3     900    3600 
  3     900    3900 
  3     900    4200 
  3     900    4500 
  3     900    4800 
  3     900    5100 
  3     900    5400 
  3     900    5700 
  3     900    6000 
  3     900    6300 
  3     900    6600 
  3     900    6900 
  3     900    7200 
  3     900    7500 
  3     900    7800 
  3     900    8100 
  3     900    8400 
  3     900    8700 
  3     900    9000 
  3     900    9300 
  3     900    9600 
  3     900    9900 
  3     900   10200 
  3     900   10500 
  3     900   10800 
  3    1800  -10800 
  3    1800  -10500 
  3    1800  -10200 
  3    1800   -9900 
  3    1800   -9600 
  3    1800   -9300 
  3    1800   -9000 
  3    1800   -8700 
  3    1800   -8400 
  3    1800   -8100 
  3    1800   -7800 
  3    1800   -7500 
  3    1800   -7200 
  3    1800   -6900 
  3    1800   -6600 
  3    1800   -6300 
  3    1800   -6000 
  3    1800   -5700 
  3    1800   -5400 
  3    1800   -5100 
  3    1800   -4800 
  3    1800   -4500 
  3    1800   -4200 
  3    1800   -3900 
  3    1800   -3600 
  3    1800   -3300 
  3    1800   -3000 
  3    1800   -2700 
  3    1800   -2400 
  3    1800   -2100 
  3    1800   -1800 
  3    1800   -1500 
  3    1800   -1200 
  3    1800    -900 
  3    1800    -600 
  3    1800    -300 
  3    1800       0 
  3    1800     300 
  3    1800     600 
  3    1800     900 
  3    1800    1200 
  3    1800    1500 
  3    1800    1800 
  3    1800    2100 
  3    1800    2400 
  3    1800    2700 
  3    1800    3000 
  3    1800    3300 
  3    1800    3600 
  3    1800    3900 
  3    1800    4200 
  3    1800    4500 
  3    1800    4800 
  3    1800    5100 
  3    1800    5400 
  3    1800    5700 
  3    1800    6000 
  3    1800    6300 
  3    1800    6600 
  3    1800    6900 
  3    1800    7200 
  3    1800    7500 
  3    1800    7800 
  3    1800    8100 
  3    1800    8400 
  3    1800    8700 
  3    1800    9000 
  3    1800    9300 
  3    1800    9600 
  3    1800    9900 
  3    1800   10200 
  3    1800   10500 
  3    1800   10800 
  3    2700  -10800 
  3    2700  -10500 
  3    2700  -10200 
  3    2700   -9900 
  3    2700   -9600 
  3    2700   -9300 
  3    2700   -9000 
  3    2700   -8700 
  3    2700   -8400 
  3    2700   -8100 
  3    2700   -7800 
  3    2700   -7500 
  3    2700   -7200 
  3    2700   -6900 
  3    2700   -6600 
  3    2700   -6300 
  3    2700   -6000 
  3    2700   -5700 
  3    2700   -5400 
  3    2700   -5100 
  3    2700   -4800 
  3    2700   -4500 
  3    2700   -4200 
  3    2700   -3900 
  3    2700   -3600 
  3    2700   -3300 
  3    2700   -3000 
  3    2700   -2700 
  3    2700   -2400 
  3    2700   -2100 
  3    2700   -1800 
  3    2700   -1500 
  3    2700   -1200 
  3    2700    -900 
  3    2700    -600 
  3    2700    -300 
  3    2700       0 
  3    2700     300 
  3    2700     600 
  3    2700     900 
  3    2700    1200 
  3    2700    1500 
  3    2700    1800 
  3    2700    2100 
  3    2700    2400 
  3    2700    2700 
  3    2700    3000 
  3    2700    3300 
  3    2700    3600 
  3    2700    3900 
  3    2700    4200 
  3    2700    4500 
  3    2700    4800 
  3    2700    5100 
  3    2700    5400 
  3    2700    5700 
  3    2700    6000 
  3    2700    6300 
  3    2700    6600 
  3    2700    6900 
  3    2700    7200 
  3    2700    7500 
  3    2700    7800 
  3    2700    8100 
  3    2700    8400 
  3    2700    8700 
  3    2700    9000 
  3    2700    9300 
  3    2700    9600 
  3    2700    9900 
  3    2700   10200 
  3    2700   10500 
  3    2700   10800 
  3    3600  -10800 
  3    3600  -10500 
  3    3600  -10200 
  3    3600   -9900 
  3    3600   -9600 
  3    3600   -9300 
  3    3600   -9000 
  3    3600   -8700 
  3    3600   -8400 
  3    3600   -8100 
  3    3600   -7800 
  3    3600   -7500 
  3    3600   -7200 
  3    3600   -6900 
  3    3600   -6600 
  3    3600   -6300 
  3    3600   -6000 
  3    3600   -5700 
  3    3600   -5400 
  3    3600   -5100 
  3    3600   -4800 
  3    3600   -4500 
  3    3600   -4200 
  3    3600   -3900 
  3    3600   -3600 
  3    3600   -3300 
  3    3600   -3000 
  3    3600   -2700 
  3    3600   -2400 
  3    3600   -2100 
  3    3600   -1800 
  3    3600   -1500 
  3    3600   -1200 
  3    3600    -900 
  3    3600    -600 
  3    3600    -300 
  3    3600       0 
  3    3600     300 
  3    3600     600 
  3    3600     900 
  3    3600    1200 
  3    3600    1500 
  3    3600    1800 
  3    3600    2100 
  3    3600    2400 
  3    3600    2700 
  3    3600    3000 
  3    3600    3300 
  3    3600    3600 
  3    3600    3900 
  3    3600    4200 
  3    3600    4500 
  3    3600    4800 
  3    3600    5100 
  3    3600    5400 
  3    3600    5700 
  3    3600    6000 
  3    3600    6300 
  3    3600    6600 
  3    3600    6900 
  3    3600    7200 
  3    3600    7500 
  3    3600    7800 
  3    3600    8100 
  3    3600    8400 
  3    3600    8700 
  3    3600    9000 
  3    3600    9300 
  3    3600    9600 
  3    3600    9900 
  3    3600   10200 
  3    3600   10500 
  3    3600   10800 
  3    4500  -10800 
  3    4500  -10500 
  3    4500  -10200 
  3    4500   -9900 
  3    4500   -9600 
  3    4500   -9300 
  3    4500   -9000 
  3    4500   -8700 
  3    4500   -8400 
  3    4500   -8100 
  3    4500   -7800 
  3    4500   -7500 
  3    4500   -7200 
  3    4500   -6900 
  3    4500   -6600 
  3    4500   -6300 
  3    4500   -6000 
  3    4500   -5700 
  3    4500   -5400 
  3    4500   -5100 
  3    4500   -4800 
  3    4500   -4500 
  3    4500   -4200 
  3    4500   -3900 
  3    4500   -3600 
  3    4500   -3300 
  3    4500   -3000 
  3    4500   -2700 
  3    4500   -2400 
  3    4500   -2100 
  3    4500   -1800 
  3    4500   -1500 
  3    4500   -1200 
  3    4500    -900 
  3    4500    -600 
  3    4500    -300 
  3    4500       0 
  3    4500     300 
  3    4500     600 
  3    4500     900 
  3    4500    1200 
  3    4500    1500 
  3    4500    1800 
  3    4500    2100 
  3    4500    2400 
  3    4500    2700 
  3    4500    3000 
  3    4500    3300 
  3    4500    3600 
  3    4500    3900 
  3    4500    4200 
  3    4500    4500 
  3    4500    4800 
  3    4500    5100 
  3    4500    5400 
  3    4500    5700 
  3    4500    6000 
  3    4500    6300 
  3    4500    6600 
  3    4500    6900 
  3    4500    7200 
  3    4500    7500 
  3    4500    7800 
  3    4500    8100 
  3    4500    8400 
  3    4500    8700 
  3    4500    9000 
  3    4500    9300 
  3    4500    9600 
  3    4500    9900 
  3    4500   10200 
  3    4500   10500 
  3    4500   10800 
  3    5400  -10800 
  3    5400  -10500 
  3    5400  -10200 
  3    5400   -9900 
  3    5400   -9600 
  3    5400   -9300 
  3    5400   -9000 
  3    5400   -8700 
  3    5400   -8400 
  3    5400   -8100 
  3    5400   -7800 
  3    5400   -7500 
  3    5400   -7200 
  3    5400   -6900 
  3    5400   -6600 
  3    5400   -6300 
  3    5400   -6000 
  3    5400   -5700 
  3    5400   -5400 
  3    5400   -5100 
  3    5400   -4800 
  3    5400   -4500 
  3    5400   -4200 
  3    5400   -3900 
  3    5400   -3600 
  3    5400   -3300 
  3    5400   -3000 
  3    5400   -2700 
  3    5400   -2400 
  3    5400   -2100 
  3    5400   -1800 
  3    5400   -1500 
  3    5400   -1200 
  3    5400    -900 
  3    5400    -600 
  3    5400    -300 
  3    5400       0 
  3    5400     300 
  3    5400     600 
  3    5400     900 
  3    5400    1200 
  3    5400    1500 
  3    5400    1800 
  3    5400    2100 
  3    5400    2400 
  3    5400    2700 
  3    5400    3000 
  3    5400    3300 
  3    5400    3600 
  3    5400    3900 
  3    5400    4200 
  3    5400    4500 
  3    5400    4800 
  3    5400    5100 
  3    5400    5400 
  3    5400    5700 
  3    5400    6000 
  3    5400    6300 
  3    5400    6600 
  3    5400    6900 
  3    5400    7200 
  3    5400    7500 
  3    5400    7800 
  3    5400    8100 
  3    5400    8400 
  3    5400    8700 
  3    5400    9000 
  3    5400    9300 
  3    5400    9600 
  3    5400    9900 
  3    5400   10200 
  3    5400   10500 
  3    5400   10800 
  3   -5400       0 
  3   -5340       0 
  3   -5280       0 
  3   -5220       0 
  3   -5160       0 
  3   -5100       0 
  3   -5040       0 
  3   -4980       0 
  3   -4920       0 
  3   -4860       0 
  3   -4800       0 
  3   -4740       0 
  3   -4680       0 
  3   -4620       0 
  3   -4560       0 
  3   -4500       0 
  3   -4440       0 
  3   -4380       0 
  3   -4320       0 
  3   -4260       0 
  3   -4200       0 
  3   -4140       0 
  3   -4080       0 
  3   -4020       0 
  3   -3960       0 
  3   -3900       0 
  3   -3840       0 
  3   -3780       0 
  3   -3720       0 
  3   -3660       0 
  3   -3600       0 
  3   -3540       0 
  3   -3480       0 
  3   -3420       0 
  3   -3360       0 
  3   -3300       0 
  3   -3240       0 
  3   -3180       0 
  3   -3120       0 
  3   -3060       0 
  3   -3000       0 
  3   -2940       0 
  3   -2880       0 
  3   -2820       0 
  3   -2760       0 
  3   -2700       0 
  3   -2640       0 
  3   -2580       0 
  3   -2520       0 
  3   -2460       0 
  3   -2400       0 
  3   -2340       0 
  3   -2280       0 
  3   -2220       0 
  3   -2160       0 
  3   -2100       0 
  3   -2040       0 
  3   -1980       0 
  3   -1920       0 
  3   -1860       0 
  3   -1800       0 
  3   -1740       0 
  3   -1680       0 
  3   -1620       0 
  3   -1560       0 
  3   -1500       0 
  3   -1440       0 
  3   -1380       0 
  3   -1320       0 
  3   -1260       0 
  3   -1200       0 
  3   -1140       0 
  3   -1080       0 
  3   -1020       0 
  3    -960       0 
  3    -900       0 
  3    -840       0 
  3    -780       0 
  3    -720       0 
  3    -660       0 
  3    -600       0 
  3    -540       0 
  3    -480       0 
  3    -420       0 
  3    -360       0 
  3    -300       0 
  3    -240       0 
  3    -180       0 
  3    -120       0 
  3     -60       0 
  3       0       0 
  3      60       0 
  3     120       0 
  3     180       0 
  3     240       0 
  3     300       0 
  3     360       0 
  3     420       0 
  3     480       0 
  3     540       0 
  3     600       0 
  3     660       0 
  3     720       0 
  3     780       0 
  3     840       0 
  3     900       0 
  3     960       0 
  3    1020       0 
  3    1080       0 
  3    1140       0 
  3    1200       0 
  3    1260       0 
  3    1320       0 
  3    1380       0 
  3    1440       0 
  3    1500       0 
  3    1560       0 
  3    1620       0 
  3    1680       0 
  3    1740       0 
  3    1800       0 
  3    1860       0 
  3    1920       0 
  3    1980       0 
  3    2040       0 
  3    2100       0 
  3    2160       0 
  3    2220       0 
  3    2280       0 
  3    2340       0 
  3    2400       0 
  3    2460       0 
  3    2520       0 
  3    2580       0 
  3    2640       0 
  3    2700       0 
  3    2760       0 
  3    2820       0 
  3    2880       0 
  3    2940       0 
  3    3000       0 
  3    3060       0 
  3    3120       0 
  3    3180       0 
  3    3240       0 
  3    3300       0 
  3    3360       0 
  3    3420       0 
  3    3480       0 
  3    3540       0 
  3    3600       0 
  3    3660       0 
  3    3720       0 
  3    3780       0 
  3    3840       0 
  3    3900       0 
  3    3960       0 
  3    4020       0 
  3    4080       0 
  3    4140       0 
  3    4200       0 
  3    4260       0 
  3    4320       0 
  3    4380       0 
  3    4440       0 
  3    4500       0 
  3    4560       0 
  3    4620       0 
  3    4680       0 
  3    4740       0 
  3    4800       0 
  3    4860       0 
  3    4920       0 
  3    4980       0 
  3    5040       0 
  3    5100       0 
  3    5160       0 
  3    5220       0 
  3    5280       0 
  3    5340       0 
  3    5400       0 
  3       0  -10800 
  3       0  -10740 
  3       0  -10680 
  3       0  -10620 
  3       0  -10560 
  3       0  -10500 
  3       0  -10440 
  3       0  -10380 
  3       0  -10320 
  3       0  -10260 
  3       0  -10200 
  3       0  -10140 
  3       0  -10080 
  3       0  -10020 
  3       0   -9960 
  3       0   -9900 
  3       0   -9840 
  3       0   -9780 
  3       0   -9720 
  3       0   -9660 
  3       0   -9600 
  3       0   -9540 
  3       0   -9480 
  3       0   -9420 
  3       0   -9360 
  3       0   -9300 
  3       0   -9240 
  3       0   -9180 
  3       0   -9120 
  3       0   -9060 
  3       0   -9000 
  3       0   -8940 
  3       0   -8880 
  3       0   -8820 
  3       0   -8760 
  3       0   -8700 
  3       0   -8640 
  3       0   -8580 
  3       0   -8520 
  3       0   -8460 
  3       0   -8400 
  3       0   -8340 
  3       0   -8280 
  3       0   -8220 
  3       0   -8160 
  3       0   -8100 
  3       0   -8040 
  3       0   -7980 
  3       0   -7920 
  3       0   -7860 
  3       0   -7800 
  3       0   -7740 
  3       0   -7680 
  3       0   -7620 
  3       0   -7560 
  3       0   -7500 
  3       0   -7440 
  3       0   -7380 
  3       0   -7320 
  3       0   -7260 
  3       0   -7200 
  3       0   -7140 
  3       0   -7080 
  3       0   -7020 
  3       0   -6960 
  3       0   -6900 
  3       0   -6840 
  3       0   -6780 
  3       0   -6720 
  3       0   -6660 
  3       0   -6600 
  3       0   -6540 
  3       0   -6480 
  3       0   -6420 
  3       0   -6360 
  3       0   -6300 
  3       0   -6240 
  3       0   -6180 
  3       0   -6120 
  3       0   -6060 
  3       0   -6000 
  3       0   -5940 
  3       0   -5880 
  3       0   -5820 
  3       0   -5760 
  3       0   -5700 
  3       0   -5640 
  3       0   -5580 
  3       0   -5520 
  3       0   -5460 
  3       0   -5400 
  3       0   -5340 
  3       0   -5280 
  3       0   -5220 
  3       0   -5160 
  3       0   -5100 
  3       0   -5040 
  3       0   -4980 
  3       0   -4920 
  3       0   -4860 
  3       0   -4800 
  3       0   -4740 
  3       0   -4680 
  3       0   -4620 
  3       0   -4560 
  3       0   -4500 
  3       0   -4440 
  3       0   -4380 
  3       0   -4320 
  3       0   -4260 
  3       0   -4200 
  3       0   -4140 
  3       0   -4080 
  3       0   -4020 
  3       0   -3960 
  3       0   -3900 
  3       0   -3840 
  3       0   -3780 
  3       0   -3720 
  3       0   -3660 
  3       0   -3600 
  3       0   -3540 
  3       0   -3480 
  3       0   -3420 
  3       0   -3360 
  3       0   -3300 
  3       0   -3240 
  3       0   -3180 
  3       0   -3120 
  3       0   -3060 
  3       0   -3000 
  3       0   -2940 
  3       0   -2880 
  3       0   -2820 
  3       0   -2760 
  3       0   -2700 
  3       0   -2640 
  3       0   -2580 
  3       0   -2520 
  3       0   -2460 
  3       0   -2400 
  3       0   -2340 
  3       0   -2280 
  3       0   -2220 
  3       0   -2160 
  3       0   -2100 
  3       0   -2040 
  3       0   -1980 
  3       0   -1920 
  3       0   -1860 
  3       0   -1800 
  3       0   -1740 
  3       0   -1680 
  3       0   -1620 
  3       0   -1560 
  3       0   -1500 
  3       0   -1440 
  3       0   -1380 
  3       0   -1320 
  3       0   -1260 
  3       0   -1200 
  3       0   -1140 
  3       0   -1080 
  3       0   -1020 
  3       0    -960 
  3       0    -900 
  3       0    -840 
  3       0    -780 
  3       0    -720 
  3       0    -660 
  3       0    -600 
  3       0    -540 
  3       0    -480 
  3       0    -420 
  3       0    -360 
  3       0    -300 
  3       0    -240 
  3       0    -180 
  3       0    -120 
  3       0     -60 
  3       0       0 
  3       0      60 
  3       0     120 
  3       0     180 
  3       0     240 
  3       0     300 
  3       0     360 
  3       0     420 
  3       0     480 
  3       0     540 
  3       0     600 
  3       0     660 
  3       0     720 
  3       0     780 
  3       0     840 
  3       0     900 
  3       0     960 
  3       0    1020 
  3       0    1080 
  3       0    1140 
  3       0    1200 
  3       0    1260 
  3       0    1320 
  3       0    1380 
  3       0    1440 
  3       0    1500 
  3       0    1560 
  3       0    1620 
  3       0    1680 
  3       0    1740 
  3       0    1800 
  3       0    1860 
  3       0    1920 
  3       0    1980 
  3       0    2040 
  3       0    2100 
  3       0    2160 
  3       0    2220 
  3       0    2280 
  3       0    2340 
  3       0    2400 
  3       0    2460 
  3       0    2520 
  3       0    2580 
  3       0    2640 
  3       0    2700 
  3       0    2760 
  3       0    2820 
  3       0    2880 
  3       0    2940 
  3       0    3000 
  3       0    3060 
  3       0    3120 
  3       0    3180 
  3       0    3240 
  3       0    3300 
  3       0    3360 
  3       0    3420 
  3       0    3480 
  3       0    3540 
  3       0    3600 
  3       0    3660 
  3       0    3720 
  3       0    3780 
  3       0    3840 
  3       0    3900 
  3       0    3960 
  3       0    4020 
  3       0    4080 
  3       0    4140 
  3       0    4200 
  3       0    4260 
  3       0    4320 
  3       0    4380 
  3       0    4440 
  3       0    4500 
  3       0    4560 
  3       0    4620 
  3       0    4680 
  3       0    4740 
  3       0    4800 
  3       0    4860 
  3       0    4920 
  3       0    4980 
  3       0    5040 
  3       0    5100 
  3       0    5160 
  3       0    5220 
  3       0    5280 
  3       0    5340 
  3       0    5400 
  3       0    5460 
  3       0    5520 
  3       0    5580 
  3       0    5640 
  3       0    5700 
  3       0    5760 
  3       0    5820 
  3       0    5880 
  3       0    5940 
  3       0    6000 
  3       0    6060 
  3       0    6120 
  3       0    6180 
  3       0    6240 
  3       0    6300 
  3       0    6360 
  3       0    6420 
  3       0    6480 
  3       0    6540 
  3       0    6600 
  3       0    6660 
  3       0    6720 
  3       0    6780 
  3       0    6840 
  3       0    6900 
  3       0    6960 
  3       0    7020 
  3       0    7080 
  3       0    7140 
  3       0    7200 
  3       0    7260 
  3       0    7320 
  3       0    7380 
  3       0    7440 
  3       0    7500 
  3       0    7560 
  3       0    7620 
  3       0    7680 
  3       0    7740 
  3       0    7800 
  3       0    7860 
  3       0    7920 
  3       0    7980 
  3       0    8040 
  3       0    8100 
  3       0    8160 
  3       0    8220 
  3       0    8280 
  3       0    8340 
  3       0    8400 
  3       0    8460 
  3       0    8520 
  3       0    8580 
  3       0    8640 
  3       0    8700 
  3       0    8760 
  3       0    8820 
  3       0    8880 
  3       0    8940 
  3       0    9000 
  3       0    9060 
  3       0    9120 
  3       0    9180 
  3       0    9240 
  3       0    9300 
  3       0    9360 
  3       0    9420 
  3       0    9480 
  3       0    9540 
  3       0    9600 
  3       0    9660 
  3       0    9720 
  3       0    9780 
  3       0    9840 
  3       0    9900 
  3       0    9960 
  3       0   10020 
  3       0   10080 
  3       0   10140 
  3       0   10200 
  3       0   10260 
  3       0   10320 
  3       0   10380 
  3       0   10440 
  3       0   10500 
  3       0   10560 
  3       0   10620 
  3       0   10680 
  3       0   10740 
  3       0   10800 