latitude	M_67	N_67	R_avg,67	R_G,67	M_80	N80	R_avg,80	R_G,80	
-90	6399617.429	6399617.429	6399617.429	6399617.429	6399593.626	6399593.626	6399593.626	6399593.626	
-89	6399597.723	6399610.860	6399604.292	6399604.292	6399573.921	6399587.057	6399580.489	6399580.489	
-88	6399538.630	6399591.163	6399564.896	6399564.896	6399514.830	6399567.360	6399541.095	6399541.095	
-87	6399440.223	6399558.360	6399499.291	6399499.291	6399416.427	6399534.559	6399475.492	6399475.493	
-86	6399302.626	6399512.493	6399407.558	6399407.559	6399278.835	6399488.694	6399383.763	6399383.763	
-85	6399126.010	6399453.619	6399289.810	6399289.812	6399102.226	6399429.822	6399266.019	6399266.022	
-84	6398910.596	6399381.809	6399146.194	6399146.199	6398886.820	6399358.015	6399122.409	6399122.413	
-83	6398656.653	6399297.154	6398976.888	6398976.896	6398632.886	6399273.363	6398953.109	6398953.117	
-82	6398364.498	6399199.758	6398782.101	6398782.114	6398340.742	6399175.971	6398758.329	6398758.343	
-81	6398034.495	6399089.741	6398562.074	6398562.096	6398010.751	6399065.958	6398538.311	6398538.333	
-80	6397667.056	6398967.239	6398317.082	6398317.115	6397643.327	6398943.460	6398293.327	6398293.360	
-79	6397262.640	6398832.403	6398047.425	6398047.474	6397238.926	6398808.629	6398023.681	6398023.729	
-78	6396821.751	6398685.401	6397753.440	6397753.508	6396798.053	6398661.633	6397729.707	6397729.775	
-77	6396344.938	6398526.413	6397435.490	6397435.583	6396321.258	6398502.651	6397411.769	6397411.861	
-76	6395832.796	6398355.636	6397093.968	6397094.092	6395809.136	6398331.880	6397070.259	6397070.384	
-75	6395285.963	6398173.281	6396729.296	6396729.459	6395262.323	6398149.532	6396705.602	6396705.765	
-74	6394705.120	6397979.573	6396341.928	6396342.137	6394681.501	6397955.832	6396318.247	6396318.457	
-73	6394090.989	6397774.752	6395932.340	6395932.605	6394067.393	6397751.018	6395908.675	6395908.940	
-72	6393444.335	6397559.069	6395501.040	6395501.371	6393420.763	6397535.343	6395477.391	6395477.722	
-71	6392765.961	6397332.791	6395048.561	6395048.968	6392742.415	6397309.074	6395024.929	6395025.337	
-70	6392056.712	6397096.197	6394575.461	6394575.958	6392033.192	6397072.488	6394551.848	6394552.344	
-69	6391317.467	6396849.578	6394082.326	6394082.924	6391293.976	6396825.879	6394058.731	6394059.329	
-68	6390549.145	6396593.239	6393569.763	6393570.478	6390525.682	6396569.549	6393546.188	6393546.902	
-67	6389752.699	6396327.495	6393038.406	6393039.252	6389729.266	6396303.815	6393014.850	6393015.696	
-66	6388929.117	6396052.673	6392488.910	6392489.903	6388905.715	6396029.004	6392465.375	6392466.367	
-65	6388079.419	6395769.112	6391921.953	6391923.109	6388056.049	6395745.453	6391898.439	6391899.595	
-64	6387204.657	6395477.160	6391338.232	6391339.571	6387181.320	6395453.513	6391314.740	6391316.078	
-63	6386305.915	6395177.178	6390738.468	6390740.007	6386282.612	6395153.541	6390714.998	6390716.537	
-62	6385384.304	6394869.532	6390123.398	6390125.158	6385361.035	6394845.907	6390099.951	6390101.711	
-61	6384440.962	6394554.602	6389493.780	6389495.781	6384417.728	6394530.989	6389470.357	6389472.358	
-60	6383477.055	6394232.775	6388850.388	6388852.651	6383453.857	6394209.174	6388826.989	6388829.252	
-59	6382493.772	6393904.445	6388194.013	6388196.561	6382470.611	6393880.856	6388170.639	6388173.186	
-58	6381492.326	6393570.015	6387525.461	6387528.316	6381469.203	6393546.439	6387502.112	6387504.967	
-57	6380473.951	6393229.896	6386845.554	6386848.739	6380450.866	6393206.333	6386822.231	6386825.415	
-56	6379439.900	6392884.505	6386155.127	6386158.665	6379416.854	6392860.955	6386131.829	6386135.367	
-55	6378391.447	6392534.265	6385455.025	6385458.940	6378368.440	6392510.727	6385431.753	6385435.668	
-54	6377329.879	6392179.604	6384746.107	6384750.424	6377306.911	6392156.080	6384722.862	6384727.179	
-53	6376256.500	6391820.958	6384029.242	6384033.986	6376233.573	6391797.448	6384006.024	6384010.767	
-52	6375172.628	6391458.765	6383305.309	6383310.503	6375149.741	6391435.268	6383282.118	6383287.311	
-51	6374079.592	6391093.468	6382575.192	6382580.861	6374056.746	6391069.985	6382552.028	6382557.697	
-50	6372978.730	6390725.514	6381839.784	6381845.953	6372955.926	6390702.044	6381816.648	6381822.817	
-49	6371871.391	6390355.351	6381099.986	6381106.679	6371848.628	6390331.896	6381076.877	6381083.570	
-48	6370758.929	6389983.433	6380356.700	6380363.941	6370736.207	6389959.992	6380333.619	6380340.859	
-47	6369642.703	6389610.213	6379610.834	6379618.646	6369620.023	6389586.786	6379587.781	6379595.593	
-46	6368524.076	6389236.147	6378863.298	6378871.705	6368501.438	6389212.733	6378840.274	6378848.680	
-45	6367404.412	6388861.690	6378115.004	6378124.028	6367381.816	6388838.290	6378092.008	6378101.030	
-44	6366285.076	6388487.299	6377366.864	6377376.526	6366262.522	6388463.913	6377343.895	6377353.556	
-43	6365167.432	6388113.429	6376619.788	6376630.109	6365144.919	6388090.058	6376596.847	6376607.168	
-42	6364052.838	6387740.537	6375874.686	6375885.687	6364030.366	6387717.179	6375851.773	6375862.773	
-41	6362942.650	6387369.075	6375132.465	6375144.164	6362920.219	6387345.731	6375109.580	6375121.277	
-40	6361838.215	6386999.496	6374394.026	6374406.441	6361815.826	6386976.166	6374371.168	6374383.582	
-39	6360740.875	6386632.248	6373660.267	6373673.414	6360718.527	6386608.932	6373637.437	6373650.583	
-38	6359651.960	6386267.778	6372932.079	6372945.974	6359629.652	6386244.475	6372909.276	6372923.170	
-37	6358572.787	6385906.528	6372210.346	6372225.002	6358550.520	6385883.239	6372187.569	6372202.224	
-36	6357504.665	6385548.936	6371495.942	6371511.371	6357482.438	6385525.661	6371473.192	6371488.621	
-35	6356448.884	6385195.437	6370789.733	6370805.947	6356426.696	6385172.175	6370767.010	6370783.223	
-34	6355406.720	6384846.459	6370092.575	6370109.583	6355384.571	6384823.210	6370069.878	6370086.884	
-33	6354379.431	6384502.425	6369405.313	6369423.120	6354357.320	6384479.188	6369382.641	6369400.448	
-32	6353368.257	6384163.751	6368728.777	6368747.390	6353346.183	6384140.527	6368706.131	6368724.743	
-31	6352374.415	6383830.847	6368063.785	6368083.208	6352352.379	6383807.636	6368041.164	6368060.585	
-30	6351399.104	6383504.117	6367411.142	6367431.376	6351377.104	6383480.918	6367388.545	6367408.778	
-29	6350443.496	6383183.955	6366771.635	6366792.680	6350421.532	6383160.768	6366749.062	6366770.106	
-28	6349508.742	6382870.748	6366146.037	6366167.891	6349486.812	6382847.573	6366123.487	6366145.339	
-27	6348595.963	6382564.876	6365535.102	6365557.761	6348574.067	6382541.711	6365512.575	6365535.232	
-26	6347706.257	6382266.706	6364939.567	6364963.024	6347684.393	6382243.553	6364917.063	6364940.518	
-25	6346840.690	6381976.599	6364360.151	6364384.398	6346818.859	6381953.457	6364337.668	6364361.913	
-24	6346000.300	6381694.906	6363797.551	6363822.577	6345978.500	6381671.775	6363775.088	6363800.113	
-23	6345186.095	6381421.966	6363252.444	6363278.237	6345164.325	6381398.845	6363230.002	6363255.794	
-22	6344399.049	6381158.109	6362725.487	6362752.033	6344377.308	6381134.997	6362703.065	6362729.609	
-21	6343640.104	6380903.651	6362217.315	6362244.596	6343618.391	6380880.549	6362194.911	6362222.191	
-20	6342910.167	6380658.900	6361728.537	6361756.535	6342888.482	6380635.807	6361706.152	6361734.148	
-19	6342210.112	6380424.151	6361259.741	6361288.437	6342188.453	6380401.067	6361237.374	6361266.067	
-18	6341540.775	6380199.686	6360811.492	6360840.861	6341519.140	6380176.610	6360789.141	6360818.508	
-17	6340902.953	6379985.776	6360384.327	6360414.346	6340881.343	6379962.708	6360361.992	6360392.009	
-16	6340297.410	6379782.678	6359978.759	6360009.401	6340275.822	6379759.617	6359956.439	6359987.079	
-15	6339724.866	6379590.635	6359595.276	6359626.513	6339703.299	6379567.582	6359572.970	6359604.205	
-14	6339186.004	6379409.880	6359234.336	6359266.139	6339164.457	6379386.834	6359212.044	6359243.845	
-13	6338681.467	6379240.630	6358896.374	6358928.711	6338659.939	6379217.589	6358874.094	6358906.429	
-12	6338211.855	6379083.087	6358581.794	6358614.633	6338190.344	6379060.052	6358559.526	6358592.362	
-11	6337777.728	6378937.441	6358290.974	6358324.279	6337756.233	6378914.412	6358268.717	6358302.020	
-10	6337379.601	6378803.868	6358024.263	6358057.999	6337358.121	6378780.844	6358002.015	6358035.749	
-9	6337017.950	6378682.527	6357781.979	6357816.109	6336996.483	6378659.507	6357759.741	6357793.868	
-8	6336693.203	6378573.564	6357564.413	6357598.898	6336671.749	6378550.549	6357542.183	6357576.666	
-7	6336405.748	6378477.111	6357371.826	6357406.628	6336384.304	6378454.099	6357349.603	6357384.402	
-6	6336155.926	6378393.283	6357204.449	6357239.527	6336134.491	6378370.274	6357182.232	6357217.307	
-5	6335944.033	6378322.181	6357062.481	6357097.794	6335922.606	6378299.175	6357040.270	6357075.580	
-4	6335770.322	6378263.889	6356946.093	6356981.599	6335748.902	6378240.885	6356923.886	6356959.390	
-3	6335634.999	6378218.479	6356855.425	6356891.082	6335613.583	6378195.476	6356833.221	6356868.875	
-2	6335538.225	6378186.003	6356790.584	6356826.349	6335516.813	6378163.003	6356768.382	6356804.145	
-1	6335480.114	6378166.503	6356751.648	6356787.478	6335458.704	6378143.503	6356729.448	6356765.276	
0	6335460.736	6378160.000	6356738.664	6356774.516	6335439.327	6378137.000	6356716.465	6356752.314	
1	6335480.114	6378166.503	6356751.648	6356787.478	6335458.704	6378143.503	6356729.448	6356765.276	
2	6335538.225	6378186.003	6356790.584	6356826.349	6335516.813	6378163.003	6356768.382	6356804.145	
3	6335634.999	6378218.479	6356855.425	6356891.082	6335613.583	6378195.476	6356833.221	6356868.875	
4	6335770.322	6378263.889	6356946.093	6356981.599	6335748.902	6378240.885	6356923.886	6356959.390	
5	6335944.033	6378322.181	6357062.481	6357097.794	6335922.606	6378299.175	6357040.270	6357075.580	
6	6336155.926	6378393.283	6357204.449	6357239.527	6336134.491	6378370.274	6357182.232	6357217.307	
7	6336405.748	6378477.111	6357371.826	6357406.628	6336384.304	6378454.099	6357349.603	6357384.402	
8	6336693.203	6378573.564	6357564.413	6357598.898	6336671.749	6378550.549	6357542.183	6357576.666	
9	6337017.950	6378682.527	6357781.979	6357816.109	6336996.483	6378659.507	6357759.741	6357793.868	
10	6337379.601	6378803.868	6358024.263	6358057.999	6337358.121	6378780.844	6358002.015	6358035.749	
11	6337777.728	6378937.441	6358290.974	6358324.279	6337756.233	6378914.412	6358268.717	6358302.020	
12	6338211.855	6379083.087	6358581.794	6358614.633	6338190.344	6379060.052	6358559.526	6358592.362	
13	6338681.467	6379240.630	6358896.374	6358928.711	6338659.939	6379217.589	6358874.094	6358906.429	
14	6339186.004	6379409.880	6359234.336	6359266.139	6339164.457	6379386.834	6359212.044	6359243.845	
15	6339724.866	6379590.635	6359595.276	6359626.513	6339703.299	6379567.582	6359572.970	6359604.205	
16	6340297.410	6379782.678	6359978.759	6360009.401	6340275.822	6379759.617	6359956.439	6359987.079	
17	6340902.953	6379985.776	6360384.327	6360414.346	6340881.343	6379962.708	6360361.992	6360392.009	
18	6341540.775	6380199.686	6360811.492	6360840.861	6341519.140	6380176.610	6360789.141	6360818.508	
19	6342210.112	6380424.151	6361259.741	6361288.437	6342188.453	6380401.067	6361237.374	6361266.067	
20	6342910.167	6380658.900	6361728.537	6361756.535	6342888.482	6380635.807	6361706.152	6361734.148	
21	6343640.104	6380903.651	6362217.315	6362244.596	6343618.391	6380880.549	6362194.911	6362222.191	
22	6344399.049	6381158.109	6362725.487	6362752.033	6344377.308	6381134.997	6362703.065	6362729.609	
23	6345186.095	6381421.966	6363252.444	6363278.237	6345164.325	6381398.845	6363230.002	6363255.794	
24	6346000.300	6381694.906	6363797.551	6363822.577	6345978.500	6381671.775	6363775.088	6363800.113	
25	6346840.690	6381976.599	6364360.151	6364384.398	6346818.859	6381953.457	6364337.668	6364361.913	
26	6347706.257	6382266.706	6364939.567	6364963.024	6347684.393	6382243.553	6364917.063	6364940.518	
27	6348595.963	6382564.876	6365535.102	6365557.761	6348574.067	6382541.711	6365512.575	6365535.232	
28	6349508.742	6382870.748	6366146.037	6366167.891	6349486.812	6382847.573	6366123.487	6366145.339	
29	6350443.496	6383183.955	6366771.635	6366792.680	6350421.532	6383160.768	6366749.062	6366770.106	
30	6351399.104	6383504.117	6367411.142	6367431.376	6351377.104	6383480.918	6367388.545	6367408.778	
31	6352374.415	6383830.847	6368063.785	6368083.208	6352352.379	6383807.636	6368041.164	6368060.585	
32	6353368.257	6384163.751	6368728.777	6368747.390	6353346.183	6384140.527	6368706.131	6368724.743	
33	6354379.431	6384502.425	6369405.313	6369423.120	6354357.320	6384479.188	6369382.641	6369400.448	
34	6355406.720	6384846.459	6370092.575	6370109.583	6355384.571	6384823.210	6370069.878	6370086.884	
35	6356448.884	6385195.437	6370789.733	6370805.947	6356426.696	6385172.175	6370767.010	6370783.223	
36	6357504.665	6385548.936	6371495.942	6371511.371	6357482.438	6385525.661	6371473.192	6371488.621	
37	6358572.787	6385906.528	6372210.346	6372225.002	6358550.520	6385883.239	6372187.569	6372202.224	
38	6359651.960	6386267.778	6372932.079	6372945.974	6359629.652	6386244.475	6372909.276	6372923.170	
39	6360740.875	6386632.248	6373660.267	6373673.414	6360718.527	6386608.932	6373637.437	6373650.583	
40	6361838.215	6386999.496	6374394.026	6374406.441	6361815.826	6386976.166	6374371.168	6374383.582	
41	6362942.650	6387369.075	6375132.465	6375144.164	6362920.219	6387345.731	6375109.580	6375121.277	
42	6364052.838	6387740.537	6375874.686	6375885.687	6364030.366	6387717.179	6375851.773	6375862.773	
43	6365167.432	6388113.429	6376619.788	6376630.109	6365144.919	6388090.058	6376596.847	6376607.168	
44	6366285.076	6388487.299	6377366.864	6377376.526	6366262.522	6388463.913	6377343.895	6377353.556	
45	6367404.412	6388861.690	6378115.004	6378124.028	6367381.816	6388838.290	6378092.008	6378101.030	
46	6368524.076	6389236.147	6378863.298	6378871.705	6368501.438	6389212.733	6378840.274	6378848.680	
47	6369642.703	6389610.213	6379610.834	6379618.646	6369620.023	6389586.786	6379587.781	6379595.593	
48	6370758.929	6389983.433	6380356.700	6380363.941	6370736.207	6389959.992	6380333.619	6380340.859	
49	6371871.391	6390355.351	6381099.986	6381106.679	6371848.628	6390331.896	6381076.877	6381083.570	
50	6372978.730	6390725.514	6381839.784	6381845.953	6372955.926	6390702.044	6381816.648	6381822.817	
51	6374079.592	6391093.468	6382575.192	6382580.861	6374056.746	6391069.985	6382552.028	6382557.697	
52	6375172.628	6391458.765	6383305.309	6383310.503	6375149.741	6391435.268	6383282.118	6383287.311	
53	6376256.500	6391820.958	6384029.242	6384033.986	6376233.573	6391797.448	6384006.024	6384010.767	
54	6377329.879	6392179.604	6384746.107	6384750.424	6377306.911	6392156.080	6384722.862	6384727.179	
55	6378391.447	6392534.265	6385455.025	6385458.940	6378368.440	6392510.727	6385431.753	6385435.668	
56	6379439.900	6392884.505	6386155.127	6386158.665	6379416.854	6392860.955	6386131.829	6386135.367	
57	6380473.951	6393229.896	6386845.554	6386848.739	6380450.866	6393206.333	6386822.231	6386825.415	
58	6381492.326	6393570.015	6387525.461	6387528.316	6381469.203	6393546.439	6387502.112	6387504.967	
59	6382493.772	6393904.445	6388194.013	6388196.561	6382470.611	6393880.856	6388170.639	6388173.186	
60	6383477.055	6394232.775	6388850.388	6388852.651	6383453.857	6394209.174	6388826.989	6388829.252	
61	6384440.962	6394554.602	6389493.780	6389495.781	6384417.728	6394530.989	6389470.357	6389472.358	
62	6385384.304	6394869.532	6390123.398	6390125.158	6385361.035	6394845.907	6390099.951	6390101.711	
63	6386305.915	6395177.178	6390738.468	6390740.007	6386282.612	6395153.541	6390714.998	6390716.537	
64	6387204.657	6395477.160	6391338.232	6391339.571	6387181.320	6395453.513	6391314.740	6391316.078	
65	6388079.419	6395769.112	6391921.953	6391923.109	6388056.049	6395745.453	6391898.439	6391899.595	
66	6388929.117	6396052.673	6392488.910	6392489.903	6388905.715	6396029.004	6392465.375	6392466.367	
67	6389752.699	6396327.495	6393038.406	6393039.252	6389729.266	6396303.815	6393014.850	6393015.696	
68	6390549.145	6396593.239	6393569.763	6393570.478	6390525.682	6396569.549	6393546.188	6393546.902	
69	6391317.467	6396849.578	6394082.326	6394082.924	6391293.976	6396825.879	6394058.731	6394059.329	
70	6392056.712	6397096.197	6394575.461	6394575.958	6392033.192	6397072.488	6394551.848	6394552.344	
71	6392765.961	6397332.791	6395048.561	6395048.968	6392742.415	6397309.074	6395024.929	6395025.337	
72	6393444.335	6397559.069	6395501.040	6395501.371	6393420.763	6397535.343	6395477.391	6395477.722	
73	6394090.989	6397774.752	6395932.340	6395932.605	6394067.393	6397751.018	6395908.675	6395908.940	
74	6394705.120	6397979.573	6396341.928	6396342.137	6394681.501	6397955.832	6396318.247	6396318.457	
75	6395285.963	6398173.281	6396729.296	6396729.459	6395262.323	6398149.532	6396705.602	6396705.765	
76	6395832.796	6398355.636	6397093.968	6397094.092	6395809.136	6398331.880	6397070.259	6397070.384	
77	6396344.938	6398526.413	6397435.490	6397435.583	6396321.258	6398502.651	6397411.769	6397411.861	
78	6396821.751	6398685.401	6397753.440	6397753.508	6396798.053	6398661.633	6397729.707	6397729.775	
79	6397262.640	6398832.403	6398047.425	6398047.474	6397238.926	6398808.629	6398023.681	6398023.729	
80	6397667.056	6398967.239	6398317.082	6398317.115	6397643.327	6398943.460	6398293.327	6398293.360	
81	6398034.495	6399089.741	6398562.074	6398562.096	6398010.751	6399065.958	6398538.311	6398538.333	
82	6398364.498	6399199.758	6398782.101	6398782.114	6398340.742	6399175.971	6398758.329	6398758.343	
83	6398656.653	6399297.154	6398976.888	6398976.896	6398632.886	6399273.363	6398953.109	6398953.117	
84	6398910.596	6399381.809	6399146.194	6399146.199	6398886.820	6399358.015	6399122.409	6399122.413	
85	6399126.010	6399453.619	6399289.810	6399289.812	6399102.226	6399429.822	6399266.019	6399266.022	
86	6399302.626	6399512.493	6399407.558	6399407.559	6399278.835	6399488.694	6399383.763	6399383.763	
87	6399440.223	6399558.360	6399499.291	6399499.291	6399416.427	6399534.559	6399475.492	6399475.493	
88	6399538.630	6399591.163	6399564.896	6399564.896	6399514.830	6399567.360	6399541.095	6399541.095	
89	6399597.723	6399610.860	6399604.292	6399604.292	6399573.921	6399587.057	6399580.489	6399580.489	
90	6399617.429	6399617.429	6399617.429	6399617.429	6399593.626	6399593.626	6399593.626	6399593.626	
