2017/4/30 00:00:00	 19229.955080	18346.139826	-3292.500939	-26454.293494	-2557.806609	-3292.500939
2017/4/30 00:05:00	 18654.014459	18756.426640	-4202.437475	-26319.089729	-2661.073388	-4202.437475
2017/4/30 00:10:00	 18043.255120	19131.703715	-5104.530080	-26151.929300	-2767.261504	-5104.530080
2017/4/30 00:15:00	 17398.831231	19471.285572	-5997.098943	-25953.219855	-2877.615187	-5997.098943
2017/4/30 00:20:00	 16721.957219	19774.552139	-6878.482888	-25723.464075	-2993.352881	-6878.482888
2017/4/30 00:25:00	 16013.905592	20040.949717	-7747.042204	-25463.257683	-3115.661415	-7747.042204
2017/4/30 00:30:00	 15276.004680	20269.991848	-8601.161434	-25173.287090	-3245.690309	-8601.161434
2017/4/30 00:35:00	 14509.636290	20461.260070	-9439.252117	-24854.326697	-3384.546254	-9439.252117
2017/4/30 00:40:00	 13716.233292	20614.404575	-10259.755482	-24507.235856	-3533.287758	-10259.755482
2017/4/30 00:45:00	 12897.277134	20729.144757	-11061.145101	-24132.955510	-3692.920010	-11061.145101
2017/4/30 00:50:00	 12054.295276	20805.269663	-11841.929483	-23732.504516	-3864.389957	-11841.929483
2017/4/30 00:55:00	 11188.858569	20842.638325	-12600.654611	-23306.975677	-4048.581633	-12600.654611
2017/4/30 01:00:00	 10302.578565	20841.180003	-13335.906431	-22857.531486	-4246.311740	-13335.906431
2017/4/30 01:05:00	 9397.104760	20800.894309	-14046.313270	-22385.399606	-4458.325519	-14046.313270
2017/4/30 01:10:00	 8474.121790	20721.851232	-14730.548202	-21891.868103	-4685.292899	-14730.548202
2017/4/30 01:15:00	 7535.346562	20604.191056	-15387.331338	-21378.280450	-4927.804977	-15387.331338
2017/4/30 01:20:00	 6582.525338	20448.124172	-16015.432059	-20846.030315	-5186.370802	-16015.432059
2017/4/30 01:25:00	 5617.430766	20253.930779	-16613.671167	-20296.556159	-5461.414516	-16613.671167
2017/4/30 01:30:00	 4641.858866	20021.960488	-17180.922974	-19731.335670	-5753.272827	-17180.922974
2017/4/30 01:35:00	 3657.625973	19752.631810	-17716.117306	-19151.880039	-6062.192852	-17716.117306
2017/4/30 01:40:00	 2666.565641	19446.431542	-18218.241433	-18559.728113	-6388.330331	-18218.241433
2017/4/30 01:45:00	 1670.525505	19103.914044	-18686.341918	-17956.440441	-6731.748208	-18686.341918
2017/4/30 01:50:00	 671.364115	18725.700411	-19119.526376	-17343.593240	-7092.415609	-19119.526376
2017/4/30 01:55:00	 -329.052265	18312.477539	-19516.965153	-16722.772298	-7470.207203	-19516.965153
2017/4/30 02:00:00	 -1328.852880	17864.997077	-19877.892913	-16095.566846	-7864.902954	-19877.892913
2017/4/30 02:05:00	 -2326.165735	17384.074285	-20201.610126	-15463.563412	-8276.188275	-20201.610126
2017/4/30 02:10:00	 -3319.120861	16870.586770	-20487.484469	-14828.339698	-8703.654580	-20487.484469
2017/4/30 02:15:00	 -4305.853601	16325.473127	-20734.952120	-14191.458480	-9146.800221	-20734.952120
2017/4/30 02:20:00	 -5284.507903	15749.731474	-20943.518958	-13554.461577	-9605.031838	-20943.518958
2017/4/30 02:25:00	 -6253.239621	15144.417869	-21112.761651	-12918.863904	-10077.666087	-21112.761651
2017/4/30 02:30:00	 -7210.219822	14510.644641	-21242.328642	-12286.147629	-10563.931759	-21242.328642
2017/4/30 02:35:00	 -8153.638089	13849.578600	-21331.941015	-11657.756468	-11062.972278	-21331.941015
2017/4/30 02:40:00	 -9081.705814	13162.439155	-21381.393261	-11035.090126	-11573.848578	-21381.393261
2017/4/30 02:45:00	 -9992.659485	12450.496322	-21390.553912	-10419.498929	-12095.542332	-21390.553912
2017/4/30 02:50:00	 -10884.763955	11715.068637	-21359.366068	-9812.278647	-12626.959542	-21359.366068
2017/4/30 02:55:00	 -11756.315685	10957.520968	-21287.847791	-9214.665541	-13166.934465	-21287.847791
2017/4/30 03:00:00	 -12605.645964	10179.262228	-21176.092381	-8627.831655	-13714.233869	-21176.092381
2017/4/30 03:05:00	 -13431.124096	9381.742990	-21024.268522	-8052.880374	-14267.561589	-21024.268522
2017/4/30 03:10:00	 -14231.160544	8566.453018	-20832.620291	-7490.842265	-14825.563393	-20832.620291
2017/4/30 03:15:00	 -15004.210034	7734.918693	-20601.467045	-6942.671212	-15386.832110	-20601.467045
2017/4/30 03:20:00	 -15748.774604	6888.700361	-20331.203163	-6409.240886	-15949.913024	-20331.203163
2017/4/30 03:25:00	 -16463.406597	6029.389593	-20022.297657	-5891.341536	-16513.309497	-20022.297657
2017/4/30 03:30:00	 -17146.711591	5158.606358	-19675.293636	-5389.677144	-17075.488814	-19675.293636
2017/4/30 03:35:00	 -17797.351258	4277.996127	-19290.807637	-4904.862933	-17634.888213	-19290.807637
2017/4/30 03:40:00	 -18414.046145	3389.226889	-18869.528807	-4437.423267	-18189.921085	-18869.528807
2017/4/30 03:45:00	 -18995.578371	2493.986111	-18412.217945	-3987.789925	-18738.983321	-18412.217945
2017/4/30 03:50:00	 -19540.794236	1593.977619	-17919.706398	-3556.300787	-19280.459765	-17919.706398
2017/4/30 03:55:00	 -20048.606729	690.918428	-17392.894810	-3143.198916	-19812.730771	-17392.894810
2017/4/30 04:00:00	 -20517.997929	-213.464493	-16832.751724	-2748.632061	-20334.178810	-16832.751724
2017/4/30 04:05:00	 -20948.021304	-1117.437496	-16240.312045	-2372.652572	-20843.195121	-16240.312045
2017/4/30 04:10:00	 -21337.803881	-2019.263586	-15616.675352	-2015.217738	-21338.186366	-15616.675352
2017/4/30 04:15:00	 -21686.548298	-2917.205777	-14963.004065	-1676.190544	-21817.581257	-14963.004065
2017/4/30 04:20:00	 -21993.534717	-3809.530494	-14280.521471	-1355.340853	-22279.837143	-14280.521471
2017/4/30 04:25:00	 -22258.122605	-4694.510990	-13570.509610	-1052.346998	-22723.446507	-13570.509610
2017/4/30 04:30:00	 -22479.752368	-5570.430784	-12834.307018	-766.797797	-23146.943357	-12834.307018
2017/4/30 04:35:00	 -22657.946828	-6435.587112	-12073.306336	-498.194964	-23548.909481	-12073.306336
2017/4/30 04:40:00	 -22792.312554	-7288.294374	-11288.951782	-245.955927	-23927.980528	-11288.951782
2017/4/30 04:45:00	 -22882.541016	-8126.887585	-10482.736497	-9.417027	-24282.851902	-10482.736497
2017/4/30 04:50:00	 -22928.409582	-8949.725803	-9656.199763	212.162904	-24612.284429	-9656.199763
2017/4/30 04:55:00	 -22929.782333	-9755.195542	-8810.924097	419.598607	-24915.109772	-8810.924097
2017/4/30 05:00:00	 -22886.610707	-10541.714156	-7948.532231	613.774110	-25190.235575	-7948.532231
2017/4/30 05:05:00	 -22798.933950	-11307.733173	-7070.683981	795.638122	-25436.650306	-7070.683981
2017/4/30 05:10:00	 -22666.879393	-12051.741597	-6179.073009	966.199114	-25653.427767	-6179.073009
2017/4/30 05:15:00	 -22490.662526	-12772.269140	-5275.423490	1126.520116	-25839.731273	-5275.423490
2017/4/30 05:20:00	 -22270.586888	-13467.889396	-4361.486680	1277.713248	-25994.817444	-4361.486680
2017/4/30 05:25:00	 -22007.043758	-14137.222941	-3439.037409	1420.934014	-26118.039628	-3439.037409
2017/4/30 05:30:00	 -21700.511651	-14778.940343	-2509.870492	1557.375384	-26208.850900	-2509.870492
2017/4/30 05:35:00	 -21351.555611	-15391.765089	-1575.797070	1688.261683	-26266.806658	-1575.797070
2017/4/30 05:40:00	 -20960.826311	-15974.476402	-638.640896	1814.842326	-26291.566771	-638.640896
2017/4/30 05:45:00	 -20529.058953	-16525.911960	299.765429	1938.385422	-26282.897283	299.765429
2017/4/30 05:50:00	 -20057.071966	-17044.970489	1237.584267	2060.171278	-26240.671660	1237.584267
2017/4/30 05:55:00	 -19545.765512	-17530.614232	2172.976781	2181.485828	-26164.871572	2172.976781
2017/4/30 06:00:00	 -18996.119798	-17981.871286	3104.106794	2303.614037	-26055.587207	3104.106794
2017/4/30 06:05:00	 -18409.193191	-18397.837804	4029.144663	2427.833279	-25913.017103	4029.144663
2017/4/30 06:10:00	 -17786.120154	-18777.680038	4946.271154	2555.406754	-25737.467515	4946.271154
2017/4/30 06:15:00	 -17128.108992	-19120.636239	5853.681303	2687.576958	-25529.351302	5853.681303
2017/4/30 06:20:00	 -16436.439416	-19426.018390	6749.588262	2825.559235	-25289.186349	6749.588262
2017/4/30 06:25:00	 -15712.459946	-19693.213776	7632.227114	2970.535452	-25017.593520	7632.227114
2017/4/30 06:30:00	 -14957.585132	-19921.686383	8499.858649	3123.647825	-24715.294163	8499.858649
2017/4/30 06:35:00	 -14173.292627	-20110.978118	9350.773082	3285.992921	-24383.107170	9350.773082
2017/4/30 06:40:00	 -13361.120101	-20260.709857	10183.293716	3458.615872	-24021.945602	10183.293716
2017/4/30 06:45:00	 -12522.662007	-20370.582302	10995.780532	3642.504824	-23632.812902	10995.780532
2017/4/30 06:50:00	 -11659.566221	-20440.376657	11786.633697	3838.585649	-23216.798714	11786.633697
2017/4/30 06:55:00	 -10773.530543	-20469.955113	12554.296976	4047.716952	-22775.074317	12554.296976
2017/4/30 07:00:00	 -9866.299090	-20459.261147	13297.261051	4270.685387	-22308.887708	13297.261051
2017/4/30 07:05:00	 -8939.658572	-20408.319630	14014.066724	4508.201311	-21819.558347	14014.066724
2017/4/30 07:10:00	 -7995.434478	-20317.236740	14703.308001	4760.894803	-21308.471600	14703.308001
2017/4/30 07:15:00	 -7035.487172	-20186.199691	15363.635053	5029.312048	-20777.072893	15363.635053
2017/4/30 07:20:00	 -6061.707907	-20015.476269	15993.757037	5313.912127	-20226.861619	15993.757037
2017/4/30 07:25:00	 -5076.014788	-19805.414187	16592.444781	5615.064209	-19659.384812	16592.444781
2017/4/30 07:30:00	 -4080.348663	-19556.440245	17158.533309	5933.045171	-19076.230636	17158.533309
2017/4/30 07:35:00	 -3076.668988	-19269.059319	17690.924225	6268.037652	-18479.021703	17690.924225
2017/4/30 07:40:00	 -2066.949650	-18943.853164	18188.587923	6620.128543	-17869.408262	18188.587923
2017/4/30 07:45:00	 -1053.174774	-18581.479049	18650.565638	6989.307934	-17249.061289	18650.565638
2017/4/30 07:50:00	 -37.334523	-18182.668222	19075.971323	7375.468514	-16619.665512	19075.971323
2017/4/30 07:55:00	 978.579102	-17748.224204	19463.993355	7778.405418	-15982.912394	19463.993355
2017/4/30 08:00:00	 1992.576444	-17279.020938	19813.896057	8197.816537	-15340.493130	19813.896057
2017/4/30 08:05:00	 3002.674349	-16776.000775	20125.021046	8633.303281	-14694.091660	20125.021046
2017/4/30 08:10:00	 4006.900290	-16240.172320	20396.788397	9084.371779	-14045.377756	20396.788397
2017/4/30 08:15:00	 5003.296445	-15672.608141	20628.697620	9550.434535	-13396.000203	20628.697620
2017/4/30 08:20:00	 5989.923713	-15074.442343	20820.328456	10030.812500	-12747.580108	20820.328456
2017/4/30 08:25:00	 6964.865669	-14446.868023	20971.341491	10524.737575	-12101.704362	20971.341491
2017/4/30 08:30:00	 7926.232444	-13791.134611	21081.478578	11031.355513	-11459.919291	21081.478578
2017/4/30 08:35:00	 8872.164516	-13108.545095	21150.563084	11549.729218	-10823.724530	21150.563084
2017/4/30 08:40:00	 9800.836412	-12400.453161	21178.499954	12078.842418	-10194.567123	21178.499954
2017/4/30 08:45:00	 10710.460303	-11668.260234	21165.275596	12617.603690	-9573.835904	21165.275596
2017/4/30 08:50:00	 11599.289500	-10913.412438	21110.957585	13164.850828	-8962.856164	21110.957585
2017/4/30 08:55:00	 12465.621822	-10137.397484	21015.694204	13719.355520	-8362.884627	21015.694204
2017/4/30 09:00:00	 13307.802854	-9341.741498	20879.713810	14279.828319	-7775.104771	20879.713810
2017/4/30 09:05:00	 14124.229068	-8528.005787	20703.324029	14844.923886	-7200.622493	20703.324029
2017/4/30 09:10:00	 14913.350813	-7697.783558	20486.910804	15413.246466	-6640.462147	20486.910804
2017/4/30 09:15:00	 15673.675167	-6852.696604	20230.937275	15983.355596	-6095.562968	20230.937275
2017/4/30 09:20:00	 16403.768649	-5994.391956	19935.942516	16553.771986	-5566.775891	19935.942516
2017/4/30 09:25:00	 17102.259776	-5124.538509	19602.540119	17122.983582	-5054.860790	19602.540119
2017/4/30 09:30:00	 17767.841480	-4244.823641	19231.416649	17689.451750	-4560.484118	19231.416649
2017/4/30 09:35:00	 18399.273366	-3356.949821	18823.329952	18251.617574	-4084.216992	18823.329952
2017/4/30 09:40:00	 18995.383818	-2462.631218	18379.107348	18807.908237	-3626.533697	18379.107348
2017/4/30 09:45:00	 19555.071943	-1563.590320	17899.643696	19356.743445	-3187.810630	17899.643696
2017/4/30 09:50:00	 20077.309367	-661.554567	17385.899340	19896.541881	-2768.325676	17385.899340
2017/4/30 09:55:00	 20561.141863	241.746993	16838.897958	20425.727655	-2368.258023	16838.897958
2017/4/30 10:00:00	 21005.690822	1144.587018	16259.724295	20942.736715	-1987.688410	16259.724295
2017/4/30 10:05:00	 21410.154569	2045.243157	15649.521811	21446.023205	-1626.599799	15649.521811
2017/4/30 10:10:00	 21773.809515	2942.001284	15009.490235	21934.065735	-1284.878473	15009.490235
2017/4/30 10:15:00	 22096.011152	3833.158700	14340.883033	22405.373536	-962.315543	14340.883033
2017/4/30 10:20:00	 22376.194897	4717.027267	13645.004811	22858.492484	-658.608872	13645.004811
2017/4/30 10:25:00	 22613.876767	5591.936498	12923.208629	23292.010959	-373.365374	12923.208629
2017/4/30 10:30:00	 22808.653916	6456.236584	12176.893275	23704.565516	-106.103708	12176.893275
2017/4/30 10:35:00	 22960.205009	7308.301348	11407.500458	24094.846352	143.742663	11407.500458
2017/4/30 10:40:00	 23068.290450	8146.531142	10616.511968	24461.602545	376.822073	10616.511968
2017/4/30 10:45:00	 23132.752462	8969.355658	9805.446779	24803.647043	593.860904	9805.446779
2017/4/30 10:50:00	 23153.515026	9775.236670	8975.858114	25119.861383	795.659532	8975.858114
2017/4/30 10:55:00	 23130.583669	10562.670698	8129.330484	25409.200129	983.087971	8129.330484
2017/4/30 11:00:00	 23064.045124	11330.191580	7267.476685	25670.694999	1157.081241	7267.476685
2017/4/30 11:05:00	 22954.066846	12076.372971	6391.934782	25903.458688	1318.634479	6391.934782
2017/4/30 11:10:00	 22800.896397	12799.830744	5504.365070	26106.688349	1468.797816	5504.365070
2017/4/30 11:15:00	 22604.860703	13499.225308	4606.447021	26279.668735	1608.671036	4606.447021
2017/4/30 11:20:00	 22366.365184	14173.263828	3699.876228	26421.774987	1739.398058	3699.876228
2017/4/30 11:25:00	 22085.892758	14820.702359	2786.361333	26532.475061	1862.161240	2786.361333
2017/4/30 11:30:00	 21764.002731	15440.347879	1867.620972	26611.331778	1978.175545	1867.620972
2017/4/30 11:35:00	 21401.329563	16031.060226	945.380707	26658.004502	2088.682596	945.380707
2017/4/30 11:40:00	 20998.581527	16591.753942	21.369981	26672.250432	2194.944624	21.369981
2017/4/30 11:45:00	 20556.539257	17121.400013	-902.680922	26653.925509	2298.238363	-902.680922
2017/4/30 11:50:00	 20076.054187	17619.027512	-1825.043900	26602.984936	2399.848892	-1825.043900
2017/4/30 11:55:00	 19558.046892	18083.725139	-2743.996033	26519.483304	2501.063460	-2743.996033
2017/4/30 12:00:00	 19003.505321	18514.642664	-3657.822564	26403.574337	2603.165320	-3657.822564
2017/4/30 12:05:00	 18413.482943	18910.992264	-4564.819847	26255.510247	2707.427591	-4564.819847
2017/4/30 12:10:00	 17789.096795	19272.049761	-5463.298272	26075.640709	2815.107174	-5463.298272
2017/4/30 12:15:00	 17131.525439	19597.155752	-6351.585149	25864.411453	2927.438752	-6351.585149
2017/4/30 12:20:00	 16442.006834	19885.716641	-7228.027566	25622.362495	3045.628882	-7228.027566
2017/4/30 12:25:00	 15721.836124	20137.205567	-8090.995193	25350.125996	3170.850227	-8090.995193
2017/4/30 12:30:00	 14972.363344	20351.163222	-8938.883059	25048.423774	3304.235921	-8938.883059
2017/4/30 12:35:00	 14194.991050	20527.198572	-9770.114275	24718.064466	3446.874116	-9770.114275
2017/4/30 12:40:00	 13391.171873	20664.989468	-10583.142712	24359.940359	3599.802711	-10583.142712
2017/4/30 12:45:00	 12562.406003	20764.283158	-11376.455627	23975.023906	3764.004301	-11376.455627
2017/4/30 12:50:00	 11710.238601	20824.896687	-12148.576238	23564.363928	3940.401348	-12148.576238
2017/4/30 12:55:00	 10836.257147	20846.717196	-12898.066240	23129.081531	4129.851612	-12898.066240
2017/4/30 13:00:00	 9942.088725	20829.702115	-13623.528269	22670.365742	4333.143842	-13623.528269
2017/4/30 13:05:00	 9029.397249	20773.879250	-14323.608296	22189.468889	4550.993756	-14323.608296
2017/4/30 13:10:00	 8099.880627	20679.346764	-14996.997964	21687.701743	4784.040327	-14996.997964
2017/4/30 13:15:00	 7155.267878	20546.273051	-15642.436857	21166.428427	5032.842371	-15642.436857
2017/4/30 13:20:00	 6197.316193	20374.896507	-16258.714697	20627.061135	5297.875480	-16258.714697
2017/4/30 13:25:00	 5227.807946	20165.525189	-16844.673476	20071.054655	5579.529289	-16844.673476
2017/4/30 13:30:00	 4248.547664	19918.536374	-17399.209506	19499.900742	5878.105101	-17399.209506
2017/4/30 13:35:00	 3261.358953	19634.376004	-17921.275395	18915.122338	6193.813869	-17921.275395
2017/4/30 13:40:00	 2268.081386	19313.558034	-18409.881947	18318.267685	6526.774560	-18409.881947
2017/4/30 13:45:00	 1270.567352	18956.663661	-18864.099974	17710.904331	6877.012894	-18864.099974
2017/4/30 13:50:00	 270.678877	18564.340456	-19283.062022	17094.613072	7244.460471	-19283.062022
2017/4/30 13:55:00	 -729.715588	18137.301383	-19665.964016	16470.981840	7628.954287	-19665.964016
2017/4/30 14:00:00	 -1728.744400	17676.323716	-20012.066804	15841.599562	8030.236648	-20012.066804
2017/4/30 14:05:00	 -2724.535982	17182.247845	-20320.697616	15208.050022	8447.955484	-20320.697616
2017/4/30 14:10:00	 -3715.222097	16655.975976	-20591.251417	14571.905742	8881.665047	-20591.251417
2017/4/30 14:15:00	 -4698.941140	16098.470731	-20823.192168	13934.721912	9330.827023	-20823.192168
2017/4/30 14:20:00	 -5673.841431	15510.753629	-21016.053978	13298.030385	9794.812025	-21016.053978
2017/4/30 14:25:00	 -6638.084522	14893.903478	-21169.442153	12663.333769	10272.901479	-21169.442153
2017/4/30 14:30:00	 -7589.848500	14249.054648	-21283.034136	12032.099635	10764.289897	-21283.034136
2017/4/30 14:35:00	 -8527.331287	13577.395252	-21356.580330	11405.754872	11268.087527	-21356.580330
2017/4/30 14:40:00	 -9448.753937	12880.165213	-21389.904815	10785.680197	11783.323366	-21389.904815
2017/4/30 14:45:00	 -10352.363907	12158.654240	-21382.905935	10173.204862	12308.948543	-21382.905935
2017/4/30 14:50:00	 -11236.438322	11414.199697	-21335.556777	9569.601560	12843.840036	-21335.556777
2017/4/30 14:55:00	 -12099.287211	10648.184373	-21247.905516	8976.081575	13386.804735	-21247.905516
2017/4/30 15:00:00	 -12939.256709	9862.034161	-21120.075636	8393.790169	13936.583820	-21120.075636
2017/4/30 15:05:00	 -13754.732232	9057.215635	-20952.266027	7823.802256	14491.857441	-20952.266027
2017/4/30 15:10:00	 -14544.141603	8235.233539	-20744.750943	7267.118352	15051.249692	-20744.750943
2017/4/30 15:15:00	 -15305.958137	7397.628183	-20497.879831	6724.660849	15613.333843	-20497.879831
2017/4/30 15:20:00	 -16038.703665	6545.972754	-20212.077018	6197.270605	16176.637834	-20212.077018
2017/4/30 15:25:00	 -16740.951508	5681.870542	-19887.841270	5685.703879	16739.649986	-19887.841270
2017/4/30 15:30:00	 -17411.329374	4806.952084	-19525.745197	5190.629627	17300.824922	-19525.745197
2017/4/30 15:35:00	 -18048.522187	3922.872232	-19126.434526	4712.627162	17858.589668	-19126.434526
2017/4/30 15:40:00	 -18651.274841	3031.307148	-18690.627230	4252.184203	18411.349915	-18690.627230
2017/4/30 15:45:00	 -19218.394854	2133.951228	-18219.112508	3809.695314	18957.496413	-18219.112508
2017/4/30 15:50:00	 -19748.754945	1232.513966	-17712.749621	3385.460741	19495.411464	-17712.749621
2017/4/30 15:55:00	 -20241.295495	328.716754	-17172.466588	2979.685666	20023.475506	-17172.466588
2017/4/30 16:00:00	 -20695.026910	-575.710367	-16599.258728	2592.479872	20540.073742	-16599.258728
2017/4/30 16:05:00	 -21109.031869	-1479.032005	-15994.187062	2223.857827	21043.602793	-15994.187062
2017/4/30 16:10:00	 -21482.467448	-2379.510765	-15358.376569	1873.739184	21532.477345	-15358.376569
2017/4/30 16:15:00	 -21814.567115	-3275.410617	-14693.014294	1541.949716	22005.136768	-14693.014294
2017/4/30 16:20:00	 -22104.642593	-4165.000310	-13999.347323	1228.222653	22460.051666	-13999.347323
2017/4/30 16:25:00	 -22352.085583	-5046.556795	-13278.680602	932.200448	22895.730338	-13278.680602
2017/4/30 16:30:00	 -22556.369335	-5918.368671	-12532.374635	653.436951	23310.725117	-12532.374635
2017/4/30 16:35:00	 -22717.050067	-6778.739636	-11761.843034	391.399979	23703.638558	-11761.843034
2017/4/30 16:40:00	 -22833.768226	-7625.991933	-10968.549941	145.474290	24073.129452	-10968.549941
2017/4/30 16:45:00	 -22906.249581	-8458.469798	-10154.007318	-85.035066	24417.918630	-10154.007318
2017/4/30 16:50:00	 -22934.306144	-9274.542879	-9319.772122	-300.899023	24736.794532	-9319.772122
2017/4/30 16:55:00	 -22917.836924	-10072.609639	-8467.443348	-502.960426	25028.618520	-8467.443348
2017/4/30 17:00:00	 -22856.828485	-10851.100722	-7598.658963	-692.129613	25292.329902	-7598.658963
2017/4/30 17:05:00	 -22751.355336	-11608.482276	-6715.092737	-869.379678	25526.950647	-6715.092737
2017/4/30 17:10:00	 -22601.580122	-12343.259224	-5818.450959	-1035.741445	25731.589767	-5818.450959
2017/4/30 17:15:00	 -22407.753626	-13053.978481	-4910.469068	-1192.298146	25905.447340	-4910.469068
2017/4/30 17:20:00	 -22170.214583	-13739.232091	-3992.908189	-1340.179866	26047.818163	-3992.908189
2017/4/30 17:25:00	 -21889.389286	-14397.660300	-3067.551592	-1480.557739	26158.095003	-3067.551592
2017/4/30 17:30:00	 -21565.791005	-15027.954525	-2136.201074	-1614.637955	26235.771442	-2136.201074
2017/4/30 17:35:00	 -21200.019206	-15628.860249	-1200.673278	-1743.655585	26280.444292	-1200.673278
2017/4/30 17:40:00	 -20792.758562	-16199.179790	-262.795955	-1868.868259	26291.815569	-262.795955
2017/4/30 17:45:00	 -20344.777781	-16737.774974	675.595817	-1991.549724	26269.694017	675.595817
2017/4/30 17:50:00	 -19856.928221	-17243.569680	1612.663458	-2112.983320	26213.996170	1612.663458
2017/4/30 17:55:00	 -19330.142322	-17715.552258	2546.568731	-2234.455391	26124.746948	2546.568731
2017/4/30 18:00:00	 -18765.431835	-18152.777810	3475.477612	-2357.248676	26002.079779	3475.477612
2017/4/30 18:05:00	 -18163.885867	-18554.370330	4397.564162	-2482.635698	25846.236247	4397.564162
2017/4/30 18:10:00	 -17526.668740	-18919.524692	5311.014401	-2611.872202	25657.565265	5311.014401
2017/4/30 18:15:00	 -16855.017663	-19247.508483	6214.030160	-2746.190647	25436.521778	6214.030160
2017/4/30 18:20:00	 -16150.240233	-19537.663669	7104.832921	-2886.793810	25183.664998	7104.832921
2017/4/30 18:25:00	 -15413.711760	-19789.408100	7981.667615	-3034.848515	24899.656176	7981.667615
2017/4/30 18:30:00	 -14646.872433	-20002.236839	8842.806372	-3191.479523	24585.255929	8842.806372
2017/4/30 18:35:00	 -13851.224322	-20175.723310	9686.552226	-3357.763620	24241.321123	9686.552226
2017/4/30 18:40:00	 -13028.328240	-20309.520271	10511.242747	-3534.723916	23868.801336	10511.242747
2017/4/30 18:45:00	 -12179.800450	-20403.360600	11315.253596	-3723.324398	23468.734908	11315.253596
2017/4/30 18:50:00	 -11307.309251	-20457.057894	12097.001999	-3924.464759	23042.244607	12097.001999
2017/4/30 18:55:00	 -10412.571438	-20470.506879	12854.950123	-4138.975520	22590.532917	12854.950123
2017/4/30 19:00:00	 -9497.348640	-20443.683633	13587.608347	-4367.613481	22114.876987	13587.608347
2017/4/30 19:05:00	 -8563.443564	-20376.645616	14293.538421	-4611.057519	21616.623251	14293.538421
2017/4/30 19:10:00	 -7612.696143	-20269.531510	14971.356502	-4869.904747	21097.181754	14971.356502
2017/4/30 19:15:00	 -6646.979594	-20122.560870	15619.736057	-5144.667059	20558.020200	15619.736057
2017/4/30 19:20:00	 -5668.196416	-19936.033585	16237.410632	-5435.768078	20000.657767	16237.410632
2017/4/30 19:25:00	 -4678.274319	-19710.329159	16823.176475	-5743.540521	19426.658705	16823.176475
2017/4/30 19:30:00	 -3679.162105	-19445.905798	17375.895003	-6068.223984	18837.625747	17375.895003
2017/4/30 19:35:00	 -2672.825511	-19143.299326	17894.495119	-6409.963171	18235.193375	17894.495119
2017/4/30 19:40:00	 -1661.243030	-18803.121920	18377.975355	-6768.806569	17621.020968	18377.975355
2017/4/30 19:45:00	 -646.401709	-18426.060676	18825.405860	-7144.705570	16996.785859	18825.405860
2017/4/30 19:50:00	 369.707047	-18012.876005	19235.930203	-7537.514050	16364.176338	19235.930203
2017/4/30 19:55:00	 1385.091677	-17564.399869	19608.767009	-7946.988404	15724.884643	19608.767009
2017/4/30 20:00:00	 2397.764629	-17081.533862	19943.211412	-8372.788031	15080.599951	19943.211412
2017/4/30 20:05:00	 3405.746516	-16565.247140	20238.636326	-8814.476277	14433.001424	20238.636326
2017/4/30 20:10:00	 4407.070213	-16016.574213	20494.493539	-9271.521815	13783.751326	20494.493539
2017/4/30 20:15:00	 5399.784918	-15436.612596	20710.314612	-9743.300466	13134.488251	20710.314612
2017/4/30 20:20:00	 6381.960143	-14826.520336	20885.711608	-10229.097449	12486.820489	20885.711608
2017/4/30 20:25:00	 7351.689640	-14187.513421	21020.377622	-10728.110038	11842.319564	21020.377622
2017/4/30 20:30:00	 8307.095245	-13520.863072	21114.087143	-11239.450630	11202.513966	21114.087143
2017/4/30 20:35:00	 9246.330635	-12827.892936	21166.696215	-11762.150192	10568.883112	21166.696215
2017/4/30 20:40:00	 10167.584990	-12109.976180	21178.142439	-12295.162077	9942.851559	21178.142439
2017/4/30 20:45:00	 11069.086549	-11368.532503	21148.444780	-12837.366185	9325.783492	21148.444780
2017/4/30 20:50:00	 11949.106052	-10605.025064	21077.703209	-13387.573463	8718.977511	21077.703209
2017/4/30 20:55:00	 12805.960068	-9820.957348	20966.098166	-13944.530695	8123.661748	20966.098166
2017/4/30 21:00:00	 13638.014198	-9017.869962	20813.889867	-14506.925590	7540.989316	20813.889867
2017/4/30 21:05:00	 14443.686144	-8197.337388	20621.417434	-15073.392116	6972.034122	20621.417434
2017/4/30 21:10:00	 15221.448643	-7360.964685	20389.097873	-15642.516074	6417.787062	20389.097873
2017/4/30 21:15:00	 15969.832268	-6510.384156	20117.424902	-16212.840876	5879.152594	20117.424902
2017/4/30 21:20:00	 16687.428070	-5647.251998	19806.967622	-16782.873508	5356.945729	19806.967622
2017/4/30 21:25:00	 17372.890090	-4773.244915	19458.369048	-17351.090632	4851.889423	19458.369048
2017/4/30 21:30:00	 18024.937703	-3890.056738	19072.344507	-17915.944833	4364.612398	19072.344507
2017/4/30 21:35:00	 18642.357820	-2999.395030	18649.679899	-18475.870942	3895.647391	18649.679899
2017/4/30 21:40:00	 19224.006930	-2102.977695	18191.229838	-19029.292443	3445.429833	18191.229838
2017/4/30 21:45:00	 19768.812982	-1202.529610	17697.915664	-19574.627914	3014.296967	17697.915664
2017/4/30 21:50:00	 20275.777115	-299.779259	17170.723356	-20110.297476	2602.487397	17170.723356
2017/4/30 21:55:00	 20743.975225	603.544598	16610.701330	-20634.729236	2210.141075	16610.701330
2017/4/30 22:00:00	 21172.559372	1505.716226	16018.958139	-21146.365679	1837.299722	16018.958139
2017/4/30 22:05:00	 21560.759028	2405.016183	15396.660080	-21643.669993	1483.907666	15396.660080
2017/4/30 22:10:00	 21907.882172	3299.734539	14745.028716	-22125.132296	1149.813107	14745.028716
2017/4/30 22:15:00	 22213.316218	4188.174052	14065.338314	-22589.275745	834.769791	14065.338314
2017/4/30 22:20:00	 22476.528796	5068.653289	13358.913213	-23034.662494	538.439082	13358.913213
2017/4/30 22:25:00	 22697.068367	5939.509686	12627.125123	-23459.899479	260.392426	12627.125123
2017/4/30 22:30:00	 22874.564700	6799.102548	11871.390363	-23863.644015	0.114184	11871.390363
2017/4/30 22:35:00	 23008.729183	7645.815983	11093.167043	-24244.609174	-242.995168	11093.167043
2017/4/30 22:40:00	 23099.354991	8478.061760	10293.952195	-24601.568923	-469.615493	10293.952195
2017/4/30 22:45:00	 23146.317112	9294.282097	9475.278867	-24933.363011	-680.503132	9475.278867
2017/4/30 22:50:00	 23149.572225	10092.952373	8638.713174	-25238.901578	-876.486717	8638.713174
2017/4/30 22:55:00	 23109.158435	10872.583750	7785.851316	-25517.169468	-1058.462710	7785.851316
2017/4/30 23:00:00	 23025.194873	11631.725721	6918.316577	-25767.230243	-1227.390659	6918.316577
2017/4/30 23:05:00	 22897.881164	12368.968569	6037.756291	-25988.229863	-1384.288221	6037.756291
2017/4/30 23:10:00	 22727.496757	13082.945734	5145.838801	-26179.400040	-1530.225941	5145.838801
2017/4/30 23:15:00	 22514.400131	13772.336090	4244.250405	-26340.061240	-1666.321849	4244.250405
2017/4/30 23:20:00	 22259.027875	14435.866137	3334.692290	-26469.625323	-1793.735857	3334.692290
2017/4/30 23:25:00	 21961.893647	15072.312089	2418.877470	-26567.597827	-1913.664010	2418.877470
2017/4/30 23:30:00	 21623.587008	15680.501869	1498.527722	-26633.579866	-2027.332607	1498.527722
2017/4/30 23:35:00	 21244.772155	16259.317014	575.370528	-26667.269657	-2135.992205	575.370528
2017/4/30 23:40:00	 20826.186526	16807.694470	-348.863968	-26668.463661	-2240.911551	-348.863968
2017/4/30 23:45:00	 20368.639309	17324.628301	-1272.445995	-26637.057332	-2343.371443	-1272.445995
2017/4/30 23:50:00	 19873.009836	17809.171283	-2193.649166	-26573.045482	-2444.658572	-2193.649166
2017/4/30 23:55:00	 19340.245888	18260.436412	-3110.753476	-26476.522257	-2546.059340	-3110.753476
2017/5/1 00:00:00	 18771.361888	18677.598302	-4022.048266	-26347.680724	-2648.853706	-4022.048266
2017/5/1 00:05:00	 18167.437008	19059.894480	-4925.835163	-26186.812074	-2754.309066	-4925.835163
2017/5/1 00:10:00	 17529.613178	19406.626585	-5820.430989	-25994.304446	-2863.674200	-5820.430989
2017/5/1 00:15:00	 16859.093013	19717.161456	-6704.170637	-25770.641375	-2978.173304	-6704.170637
2017/5/1 00:20:00	 16157.137649	19990.932123	-7575.409905	-25516.399869	-3099.000139	-7575.409905
2017/5/1 00:25:00	 15425.064497	20227.438691	-8432.528291	-25232.248136	-3227.312306	-8432.528291
2017/5/1 00:30:00	 14664.244918	20426.249121	-9273.931748	-24918.942949	-3364.225689	-9273.931748
2017/5/1 00:35:00	 13876.101826	20586.999903	-10098.055390	-24577.326677	-3510.809069	-10098.055390
2017/5/1 00:40:00	 13062.107208	20709.396632	-10903.366148	-24208.323992	-3668.078935	-10903.366148
2017/5/1 00:45:00	 12223.779580	20793.214471	-11688.365378	-23812.938255	-3836.994521	-11688.365378
2017/5/1 00:50:00	 11362.681379	20838.298513	-12451.591411	-23392.247602	-4018.453082	-12451.591411
2017/5/1 00:55:00	 10480.416277	20844.564037	-13191.622051	-22947.400750	-4213.285420	-13191.622051
2017/5/1 01:00:00	 9578.626447	20811.996658	-13907.077007	-22479.612529	-4422.251695	-13907.077007
2017/5/1 01:05:00	 8658.989764	20740.652374	-14596.620267	-21990.159163	-4646.037517	-14596.620267
2017/5/1 01:10:00	 7723.216947	20630.657501	-15258.962411	-21480.373318	-4885.250356	-15258.962411
2017/5/1 01:15:00	 6773.048655	20482.208506	-15892.862845	-20951.638933	-5140.416267	-15892.862845
2017/5/1 01:20:00	 5810.252528	20295.571736	-16497.131978	-20405.385858	-5411.976949	-16497.131978
2017/5/1 01:25:00	 4836.620180	20071.083033	-17070.633317	-19843.084317	-5700.287157	-17070.633317
2017/5/1 01:30:00	 3853.964152	19809.147253	-17612.285492	-19266.239215	-6005.612467	-17612.285492
2017/5/1 01:35:00	 2864.114821	19510.237666	-18121.064200	-18676.384313	-6328.127409	-18121.064200
2017/5/1 01:40:00	 1868.917274	19174.895258	-18596.004068	-18075.076296	-6667.913980	-18596.004068
2017/5/1 01:45:00	 870.228143	18803.727925	-19036.200434	-17463.888753	-7024.960535	-19036.200434
2017/5/1 01:50:00	 -130.087584	18397.409556	-19440.811039	-16844.406092	-7399.161072	-19440.811039
2017/5/1 01:55:00	 -1130.159789	17956.679010	-19809.057635	-16218.217410	-7790.314902	-19809.057635
2017/5/1 02:00:00	 -2128.116463	17482.338994	-20140.227489	-15586.910361	-8198.126724	-20140.227489
2017/5/1 02:05:00	 -3122.086973	16975.254821	-20433.674806	-14952.065013	-8622.207091	-20433.674806
2017/5/1 02:10:00	 -4110.205343	16436.353071	-20688.822044	-14315.247750	-9062.073278	-20688.822044
2017/5/1 02:15:00	 -5090.613547	15866.620145	-20905.161130	-13678.005220	-9517.150535	-20905.161130
2017/5/1 02:20:00	 -6061.464808	15267.100711	-21082.254572	-13041.858374	-9986.773748	-21082.254572
2017/5/1 02:25:00	 -7020.926905	14638.896045	-21219.736466	-12408.296594	-10470.189477	-21219.736466
2017/5/1 02:30:00	 -7967.185475	13983.162270	-21317.313385	-11778.771961	-10966.558373	-21317.313385
2017/5/1 02:35:00	 -8898.447312	13301.108489	-21374.765167	-11154.693667	-11474.957986	-21374.765167
2017/5/1 02:40:00	 -9812.943650	12593.994817	-21391.945574	-10537.422601	-11994.385915	-21391.945574
2017/5/1 02:45:00	 -10708.933444	11863.130312	-21368.782841	-9928.266130	-12523.763331	-21368.782841
2017/5/1 02:50:00	 -11584.706610	11109.870808	-21305.280097	-9328.473106	-13061.938834	-21305.280097
2017/5/1 02:55:00	 -12438.587257	10335.616643	-21201.515663	-8739.229102	-13607.692642	-21201.515663
2017/5/1 03:00:00	 -13268.936876	9541.810302	-21057.643225	-8161.651911	-14159.741090	-21057.643225
2017/5/1 03:05:00	 -14074.157497	8729.933956	-20873.891874	-7596.787333	-14716.741430	-20873.891874
2017/5/1 03:10:00	 -14852.694797	7901.506911	-20650.566010	-7045.605246	-15277.296911	-20650.566010
2017/5/1 03:15:00	 -15603.041167	7058.082975	-20388.045120	-6508.996005	-15839.962119	-20388.045120
2017/5/1 03:20:00	 -16323.738708	6201.247732	-20086.783411	-5987.767169	-16403.248555	-20086.783411
2017/5/1 03:25:00	 -17013.382182	5332.615732	-19747.309305	-5482.640579	-16965.630436	-19747.309305
2017/5/1 03:30:00	 -17670.621882	4453.827609	-19370.224797	-4994.249793	-17525.550692	-19370.224797
2017/5/1 03:35:00	 -18294.166428	3566.547115	-18956.204667	-4523.137903	-18081.427132	-18956.204667
2017/5/1 03:40:00	 -18882.785484	2672.458088	-18505.995547	-4069.755737	-18631.658759	-18505.995547
2017/5/1 03:45:00	 -19435.312383	1773.261353	-18020.414848	-3634.460455	-19174.632211	-18020.414848
2017/5/1 03:50:00	 -19950.646655	870.671557	-17500.349540	-3217.514553	-19708.728295	-17500.349540
2017/5/1 03:55:00	 -20427.756454	-33.586051	-16946.754781	-2819.085278	-20232.328585	-16946.754781
2017/5/1 04:00:00	 -20865.680875	-937.778887	-16360.652410	-2439.244459	-20743.822070	-16360.652410
2017/5/1 04:05:00	 -21263.532147	-1840.170354	-15743.129282	-2077.968758	-21241.611807	-15743.129282
2017/5/1 04:10:00	 -21620.497715	-2739.023196	-15095.335475	-1735.140343	-21724.121559	-15095.335475
2017/5/1 04:15:00	 -21935.842177	-3632.602889	-14418.482335	-1410.547983	-22189.802391	-14418.482335
2017/5/1 04:20:00	 -22208.909094	-4519.181052	-13713.840392	-1103.888556	-22637.139188	-13713.840392
2017/5/1 04:25:00	 -22439.122653	-5397.038890	-12982.737134	-814.768978	-23064.657069	-12982.737134
2017/5/1 04:30:00	 -22625.989174	-6264.470635	-12226.554638	-542.708536	-23470.927674	-12226.554638
2017/5/1 04:35:00	 -22769.098475	-7119.786999	-11446.727073	-287.141622	-23854.575284	-11446.727073
2017/5/1 04:40:00	 -22868.125056	-7961.318623	-10644.738069	-47.420854	-24214.282749	-10644.738069
2017/5/1 04:45:00	 -22922.829131	-8787.419511	-9822.117958	177.179420	-24548.797211	-9822.117958
2017/5/1 04:50:00	 -22933.057482	-9596.470448	-8980.440896	387.459256	-24856.935569	-8980.440896
2017/5/1 04:55:00	 -22898.744129	-10386.882385	-8121.321864	584.288903	-25137.589679	-8121.321864
2017/5/1 05:00:00	 -22819.910831	-11157.099792	-7246.413557	768.604258	-25389.731262	-7246.413557
2017/5/1 05:05:00	 -22696.667386	-11905.603958	-6357.403170	941.402006	-25612.416487	-6357.403170
2017/5/1 05:10:00	 -22529.211756	-12630.916245	-5456.009079	1103.734480	-25804.790209	-5456.009079
2017/5/1 05:15:00	 -22317.829987	-13331.601272	-4543.977431	1256.704236	-25966.089854	-4543.977431
2017/5/1 05:20:00	 -22062.895945	-14006.270028	-3623.078653	1401.458403	-26095.648908	-3623.078653
2017/5/1 05:25:00	 -21764.870844	-14653.582903	-2695.103873	1539.182796	-26192.900013	-2695.103873
2017/5/1 05:30:00	 -21424.302586	-15272.252631	-1761.861280	1671.095850	-26257.377638	-1761.861280
2017/5/1 05:35:00	 -21041.824898	-15861.047133	-825.172418	1798.442378	-26288.720323	-825.172418
2017/5/1 05:40:00	 -20618.156266	-16418.792251	113.131569	1922.487205	-26286.672474	113.131569
2017/5/1 05:45:00	 -20154.098682	-16944.374368	1051.213742	2044.508684	-26251.085704	1051.213742
2017/5/1 05:50:00	 -19650.536181	-17436.742905	1987.235193	2165.792144	-26181.919710	1987.235193
2017/5/1 05:55:00	 -19108.433195	-17894.912684	2919.358910	2287.623290	-26079.242681	2919.358910
2017/5/1 06:00:00	 -18528.832708	-18317.966154	3845.753640	2411.281590	-25943.231230	3845.753640
2017/5/1 06:05:00	 -17912.854223	-18705.055472	4764.597772	2538.033678	-25774.169855	4764.597772
2017/5/1 06:10:00	 -17261.691546	-19055.404427	5674.083196	2669.126810	-25572.449922	5674.083196
2017/5/1 06:15:00	 -16576.610392	-19368.310207	6572.419157	2805.782397	-25338.568182	6572.419157
2017/5/1 06:20:00	 -15858.945810	-19643.145006	7457.836074	2949.189655	-25073.124821	7457.836074
2017/5/1 06:25:00	 -15110.099449	-19879.357452	8328.589327	3100.499397	-24776.821054	8328.589327
2017/5/1 06:30:00	 -14331.536653	-20076.473868	9182.962984	3260.817995	-24450.456270	9182.962984
2017/5/1 06:35:00	 -13524.783409	-20234.099350	10019.273481	3431.201548	-24094.924750	10019.273481
2017/5/1 06:40:00	 -12691.423141	-20351.918667	10835.873222	3612.650282	-23711.211962	10835.873222
2017/5/1 06:45:00	 -11833.093376	-20429.696966	11631.154107	3806.103210	-23300.390454	11631.154107
2017/5/1 06:50:00	 -10951.482269	-20467.280305	12403.550963	4012.433069	-22863.615371	12403.550963
2017/5/1 06:55:00	 -10048.325019	-20464.595980	13151.544884	4232.441577	-22402.119601	13151.544884
2017/5/1 07:00:00	 -9125.400167	-20421.652674	13873.666453	4466.855018	-21917.208591	13873.666453
2017/5/1 07:05:00	 -8184.525798	-20338.540413	14568.498856	4716.320176	-21410.254848	14568.498856
2017/5/1 07:10:00	 -7227.555655	-20215.430325	15234.680864	4981.400654	-20882.692152	15234.680864
2017/5/1 07:15:00	 -6256.375169	-20052.574220	15870.909688	5262.573572	-20336.009503	15870.909688
2017/5/1 07:20:00	 -5272.897429	-19850.303975	16475.943682	5560.226681	-19771.744851	16475.943682
2017/5/1 07:25:00	 -4279.059090	-19609.030737	17048.604911	5874.655891	-19191.478612	17048.604911
2017/5/1 07:30:00	 -3276.816239	-19329.243945	17587.781556	6206.063239	-18596.827020	17587.781556
2017/5/1 07:35:00	 -2268.140226	-19011.510168	18092.430161	6554.555287	-17989.435342	18092.430161
2017/5/1 07:40:00	 -1255.013474	-18656.471775	18561.577719	6920.141978	-17370.970984	18561.577719
2017/5/1 07:45:00	 -239.425280	-18264.845431	18994.323579	7302.735939	-16743.116523	18994.323579
2017/5/1 07:50:00	 776.632385	-17837.420429	19389.841191	7702.152243	-16107.562703	19389.841191
2017/5/1 07:55:00	 1791.169066	-17375.056860	19747.379660	8118.108620	-15466.001421	19747.379660
2017/5/1 08:00:00	 2802.199987	-16878.683639	20066.265135	8550.226129	-14820.118734	20066.265135
2017/5/1 08:05:00	 3807.750182	-16349.296374	20345.902003	8998.030273	-14171.587934	20345.902003
2017/5/1 08:10:00	 4805.858580	-15787.955100	20585.773907	9460.952555	-13522.062701	20585.773907
2017/5/1 08:15:00	 5794.582041	-15195.781884	20785.444579	9938.332475	-12873.170384	20785.444579
2017/5/1 08:20:00	 6771.999319	-14573.958301	20944.558486	10429.419937	-12226.505433	20944.558486
2017/5/1 08:25:00	 7736.214960	-13923.722792	21062.841295	10933.378081	-11583.623009	21062.841295
2017/5/1 08:30:00	 8685.363107	-13246.367921	21140.100151	11449.286493	-10946.032807	21140.100151
2017/5/1 08:35:00	 9617.611225	-12543.237526	21176.223780	11976.144807	-10315.193108	21176.223780
2017/5/1 08:40:00	 10531.163720	-11815.723775	21171.182405	12512.876662	-9692.505107	21171.182405
2017/5/1 08:45:00	 11424.265446	-11065.264149	21125.027492	13058.333998	-9079.307511	21125.027492
2017/5/1 08:50:00	 12295.205110	-10293.338341	21037.891320	13611.301672	-8476.871458	21037.891320
2017/5/1 08:55:00	 13142.318544	-9501.465092	20909.986377	14170.502373	-7886.395761	20909.986377
2017/5/1 09:00:00	 13963.991856	-8691.198971	20741.604598	14734.601811	-7309.002504	20741.604598
2017/5/1 09:05:00	 14758.664450	-7864.127107	20533.116435	15302.214145	-6745.733003	20533.116435
2017/5/1 09:10:00	 15524.831902	-7021.865872	20284.969772	15871.907650	-6197.544149	20284.969772
2017/5/1 09:15:00	 16261.048700	-6166.057547	19997.688688	16442.210559	-5665.305147	19997.688688
2017/5/1 09:20:00	 16965.930835	-5298.366947	19671.872077	17011.617098	-5149.794666	19671.872077
2017/5/1 09:25:00	 17638.158245	-4420.478044	19308.192120	17578.593641	-4651.698402	19308.192120
2017/5/1 09:30:00	 18276.477102	-3534.090578	18907.392629	18141.584990	-4171.607066	18907.392629
2017/5/1 09:35:00	 18879.701950	-2640.916660	18470.287258	18699.020741	-3710.014805	18470.287258
2017/5/1 09:40:00	 19446.717686	-1742.677391	17997.757592	19249.321701	-3267.318056	17997.757592
2017/5/1 09:45:00	 19976.481378	-841.099495	17490.751123	19790.906341	-2843.814835	17490.751123
2017/5/1 09:50:00	 20468.023931	62.088035	16950.279110	20322.197240	-2439.704463	16950.279110
2017/5/1 09:55:00	 20920.451588	965.157255	16377.414337	20841.627518	-2055.087723	16377.414337
2017/5/1 10:00:00	 21332.947277	1866.384563	15773.288780	21347.647198	-1689.967447	15773.288780
2017/5/1 10:05:00	 21704.771796	2764.053941	15139.091177	21838.729498	-1344.249532	15139.091177
2017/5/1 10:10:00	 22035.264839	3656.460164	14476.064513	22313.377016	-1017.744360	14476.064513
2017/5/1 10:15:00	 22323.845867	4541.911952	13785.503432	22770.127777	-710.168638	13785.503432
2017/5/1 10:20:00	 22570.014822	5418.735064	13068.751577	23207.561126	-421.147623	13068.751577
2017/5/1 10:25:00	 22773.352687	6285.275341	12327.198862	23624.303447	-150.217740	12327.198862
2017/5/1 10:30:00	 22933.521893	7139.901675	11562.278685	24019.033666	103.170443	11562.278685
2017/5/1 10:35:00	 23050.266580	7981.008914	10775.465095	24390.488542	339.648868	10775.465095
2017/5/1 10:40:00	 23123.412698	8807.020695	9968.269902	24737.467707	559.928325	9968.269902
2017/5/1 10:45:00	 23152.867981	9616.392196	9142.239756	25058.838442	764.794444	9142.239756
2017/5/1 10:50:00	 23138.621762	10407.612820	8298.953181	25353.540169	955.103410	8298.953181
2017/5/1 10:55:00	 23080.744659	11179.208782	7440.017589	25620.588654	1131.777379	7440.017589
2017/5/1 11:00:00	 22979.388118	11929.745624	6567.066261	25859.079880	1295.799640	6567.066261
2017/5/1 11:05:00	 22834.783825	12657.830637	5681.755314	26068.193606	1448.209541	5681.755314
2017/5/1 11:10:00	 22647.242988	13362.115191	4785.760650	26247.196580	1590.097191	4785.760650
2017/5/1 11:15:00	 22417.155494	14041.296981	3880.774899	26395.445394	1722.597971	3880.774899
2017/5/1 11:20:00	 22144.988932	14694.122174	2968.504354	26512.388993	1846.886877	2968.504354
2017/5/1 11:25:00	 21831.287511	15319.387463	2050.665905	26597.570794	1964.172713	2050.665905
2017/5/1 11:30:00	 21476.670848	15915.942024	1128.983982	26650.630448	2075.692160	1128.983982
2017/5/1 11:35:00	 21081.832651	16482.689379	205.187498	26671.305206	2182.703752	205.187498
2017/5/1 11:40:00	 20647.539282	17018.589153	-718.993190	26659.430906	2286.481776	-718.993190
2017/5/1 11:45:00	 20174.628226	17522.658742	-1641.829304	26614.942574	2388.310121	-1641.829304
2017/5/1 11:50:00	 19664.006444	17993.974870	-2561.596658	26537.874628	2489.476108	-2561.596658
2017/5/1 11:55:00	 19116.648631	18431.675053	-3476.578634	26428.360702	2591.264318	-3476.578634
2017/5/1 12:00:00	 18533.595380	18834.958954	-4385.069143	26286.633078	2694.950447	-4385.069143
2017/5/1 12:05:00	 17915.951244	19203.089645	-5285.375552	26113.021742	2801.795210	-5285.375552
2017/5/1 12:10:00	 17264.882718	19535.394755	-6175.821579	25907.953050	2913.038318	-6175.821579
2017/5/1 12:15:00	 16581.616121	19831.267525	-7054.750151	25671.948035	3029.892556	-7054.750151
2017/5/1 12:20:00	 15867.435405	20090.167751	-7920.526227	25405.620339	3153.537978	-7920.526227
2017/5/1 12:25:00	 15123.679875	20311.622633	-8771.539574	25109.673797	3285.116248	-8771.539574
2017/5/1 12:30:00	 14351.741835	20495.227506	-9606.207504	24784.899666	3425.725145	-9606.207504
2017/5/1 12:35:00	 13553.064156	20640.646478	-10422.977558	24432.173527	3576.413255	-10422.977558
2017/5/1 12:40:00	 12729.137774	20747.612960	-11220.330148	24052.451863	3738.174871	-11220.330148
2017/5/1 12:45:00	 11881.499115	20815.930089	-11996.781137	23646.768322	3911.945120	-11996.781137
2017/5/1 12:50:00	 11011.727457	20845.471048	-12750.884372	23216.229691	4098.595340	-12750.884372
2017/5/1 12:55:00	 10121.442228	20836.179279	-13481.234152	22762.011590	4298.928713	-13481.234152
2017/5/1 13:00:00	 9212.300240	20788.068588	-14186.467644	22285.353904	4513.676188	-14186.467644
2017/5/1 13:05:00	 8285.992871	20701.223155	-14865.267223	21787.555966	4743.492701	-14865.267223
2017/5/1 13:10:00	 7344.243185	20575.797421	-15516.362762	21269.971519	4988.953700	-15516.362762
2017/5/1 13:15:00	 6388.803005	20412.015884	-16138.533842	20734.003469	5250.552012	-16138.533842
2017/5/1 13:20:00	 5421.449938	20210.172779	-16730.611892	20181.098444	5528.695035	-16730.611892
2017/5/1 13:25:00	 4443.984349	19970.631659	-17291.482261	19612.741201	5823.702287	-17291.482261
2017/5/1 13:30:00	 3458.226297	19693.824859	-17820.086210	19030.448872	6135.803325	-17820.086210
2017/5/1 13:35:00	 2466.012429	19380.252865	-18315.422821	18435.765096	6465.136018	-18315.422821
2017/5/1 13:40:00	 1469.192837	19030.483568	-18776.550831	17830.254050	6811.745220	-18776.550831
2017/5/1 13:45:00	 469.627886	18645.151413	-19202.590376	17215.494396	7175.581807	-19202.590376
2017/5/1 13:50:00	 -530.814993	18224.956444	-19592.724651	16593.073182	7556.502121	-19592.724651
2017/5/1 13:55:00	 -1530.264534	17770.663236	-19946.201473	15964.579703	7954.267804	-19946.201473
2017/5/1 14:00:00	 -2526.848887	17283.099726	-20262.334759	15331.599362	8368.546018	-20262.334759
2017/5/1 14:05:00	 -3518.698889	16763.155938	-20540.505901	14695.707544	8798.910083	-20540.505901
2017/5/1 14:10:00	 -4503.951352	16211.782593	-20780.165042	14058.463536	9244.840488	-20780.165042
2017/5/1 14:15:00	 -5480.752361	15629.989625	-20980.832256	13421.404501	9705.726316	-20980.832256
2017/5/1 14:20:00	 -6447.260572	15018.844581	-21142.098610	12786.039556	10180.867050	-21142.098610
2017/5/1 14:25:00	 -7401.650521	14379.470923	-21263.627131	12153.843950	10669.474763	-21263.627131
2017/5/1 14:30:00	 -8342.115924	13713.046228	-21345.153654	11526.253385	11170.676695	-21345.153654
2017/5/1 14:35:00	 -9266.872971	13020.800272	-21386.487553	10904.658499	11683.518194	-21386.487553
2017/5/1 14:40:00	 -10174.163608	12304.013032	-21387.512363	10290.399524	12206.966022	-21387.512363
2017/5/1 14:45:00	 -11062.258804	11564.012566	-21348.186276	9684.761154	12739.912004	-21348.186276
2017/5/1 14:50:00	 -11929.461784	10802.172814	-21268.542510	9088.967641	13281.177026	-21268.542510
2017/5/1 14:55:00	 -12774.111252	10019.911286	-21148.689563	8504.178133	13829.515347	-21148.689563
2017/5/1 15:00:00	 -13594.584560	9218.686662	-20988.811326	7931.482289	14383.619218	-20988.811326
2017/5/1 15:05:00	 -14389.300850	8399.996299	-20789.167076	7371.896169	14942.123800	-20789.167076
2017/5/1 15:10:00	 -15156.724148	7565.373647	-20550.091325	6826.358441	15503.612345	-20550.091325
2017/5/1 15:15:00	 -15895.366398	6716.385574	-20271.993542	6295.726906	16066.621637	-20271.993542
2017/5/1 15:20:00	 -16603.790446	5854.629606	-19955.357730	5780.775360	16629.647658	-19955.357730
2017/5/1 15:25:00	 -17280.612958	4981.731094	-19600.741867	5282.190815	17191.151476	-19600.741867
2017/5/1 15:30:00	 -17924.507257	4099.340292	-19208.777205	4800.571089	17749.565304	-19208.777205
2017/5/1 15:35:00	 -18534.206096	3209.129365	-18780.167425	4336.422764	18303.298733	-18780.167425
2017/5/1 15:40:00	 -19108.504333	2312.789331	-18315.687649	3890.159555	18850.745103	-18315.687649
2017/5/1 15:45:00	 -19646.261517	1412.026936	-17816.183306	3462.101061	19390.287979	-17816.183306
2017/5/1 15:50:00	 -20146.404383	508.561462	-17282.568850	3052.471931	19920.307714	-17282.568850
2017/5/1 15:55:00	 -20607.929229	-395.878507	-16715.826340	2661.401451	20439.188076	-16715.826340
2017/5/1 16:00:00	 -21029.904187	-1299.558381	-16117.003865	2288.923534	20945.322895	-16117.003865
2017/5/1 16:05:00	 -21411.471375	-2200.740893	-15487.213830	1934.977143	21437.122717	-15487.213830
2017/5/1 16:10:00	 -21751.848915	-3097.689473	-14827.631095	1599.407133	21913.021428	-14827.631095
2017/5/1 16:15:00	 -22050.332827	-3988.671645	-14139.490973	1281.965507	22371.482823	-14139.490973
2017/5/1 16:20:00	 -22306.298775	-4871.962457	-13424.087084	982.313097	22811.007085	-13424.087084
2017/5/1 16:25:00	 -22519.203675	-5745.847915	-12682.769073	700.021649	23230.137152	-12682.769073
2017/5/1 16:30:00	 -22688.587138	-6608.628441	-11916.940193	434.576320	23627.464943	-11916.940193
2017/5/1 16:35:00	 -22814.072769	-7458.622314	-11128.054746	185.378571	24001.637401	-11128.054746
2017/5/1 16:40:00	 -22895.369288	-8294.169123	-10317.615408	-48.250567	24351.362347	-10317.615408
2017/5/1 16:45:00	 -22932.271493	-9113.633190	-9487.170418	-267.066833	24675.414101	-9487.170418
2017/5/1 16:50:00	 -22924.661039	-9915.406980	-8638.310652	-471.898741	24972.638845	-8638.310652
2017/5/1 16:55:00	 -22872.507042	-10697.914469	-7772.666576	-663.643224	25241.959711	-7772.666576
2017/5/1 17:00:00	 -22775.866500	-11459.614483	-6891.905097	-843.260968	25482.381558	-6891.905097
2017/5/1 17:05:00	 -22634.884523	-12199.003975	-5997.726304	-1011.771437	25692.995425	-5997.726304
2017/5/1 17:10:00	 -22449.794377	-12914.621257	-5091.860111	-1170.247611	25872.982632	-5091.860111
2017/5/1 17:15:00	 -22220.917327	-13605.049152	-4176.062816	-1319.810478	26021.618505	-4176.062816
2017/5/1 17:20:00	 -21948.662296	-14268.918077	-3252.113569	-1461.623279	26138.275710	-3252.113569
2017/5/1 17:25:00	 -21633.525313	-14904.909043	-2321.810774	-1596.885547	26222.427188	-2321.810774
2017/5/1 17:30:00	 -21276.088773	-15511.756554	-1386.968418	-1726.826973	26273.648652	-1386.968418
2017/5/1 17:35:00	 -20877.020492	-16088.251409	-449.412344	-1852.701107	26291.620654	-449.412344
2017/5/1 17:40:00	 -20437.072569	-16633.243394	489.023525	-1975.778940	26276.130205	489.023525
2017/5/1 17:45:00	 -19957.080045	-17145.643850	1426.500999	-2097.342393	26227.071926	1426.500999
2017/5/1 17:50:00	 -19437.959369	-17624.428118	2361.181466	-2218.677740	26144.448742	2361.181466
2017/5/1 17:55:00	 -18880.706668	-18068.637852	3291.229755	-2341.068999	26028.372098	3291.229755
2017/5/1 18:00:00	 -18286.395833	-18477.383182	4214.818011	-2465.791323	25879.061710	4214.818011
2017/5/1 18:05:00	 -17656.176406	-18849.844734	5130.129566	-2594.104418	25696.844826	5130.129566
2017/5/1 18:10:00	 -16991.271294	-19185.275495	6035.362802	-2727.246028	25482.155033	6035.362802
2017/5/1 18:15:00	 -16292.974303	-19483.002516	6928.734990	-2866.425510	25235.530577	6928.734990
2017/5/1 18:20:00	 -15562.647500	-19742.428445	7808.486094	-3012.817539	24957.612237	7808.486094
2017/5/1 18:25:00	 -14801.718402	-19963.032891	8672.882541	-3167.555957	24649.140738	8672.882541
2017/5/1 18:30:00	 -14011.677021	-20144.373611	9520.220927	-3331.727823	24310.953721	9520.220927
2017/5/1 18:35:00	 -13194.072743	-20286.087517	10348.831666	-3506.367664	23943.982294	10348.831666
2017/5/1 18:40:00	 -12350.511074	-20387.891501	11157.082566	-3692.451977	23549.247165	11157.082566
2017/5/1 18:45:00	 -11482.650241	-20449.583066	11943.382315	-3890.893997	23127.854377	11943.382315
2017/5/1 18:50:00	 -10592.197683	-20471.040783	12706.183877	-4102.538756	22680.990681	12706.183877
2017/5/1 18:55:00	 -9680.906409	-20452.224542	13443.987789	-4328.158470	22209.918547	13443.987789
2017/5/1 19:00:00	 -8750.571262	-20393.175624	14155.345339	-4568.448261	21715.970850	14155.345339
2017/5/1 19:05:00	 -7803.025081	-20294.016582	14838.861627	-4824.022241	21200.545249	14838.861627
2017/5/1 19:10:00	 -6840.134782	-20154.950922	15493.198498	-5095.409979	20665.098298	15493.198498
2017/5/1 19:15:00	 -5863.797363	-19976.262612	16117.077338	-5383.053364	20111.139300	16117.077338
2017/5/1 19:20:00	 -4875.935847	-19758.315386	16709.281722	-5687.303883	19540.223945	16709.281722
2017/5/1 19:25:00	 -3878.495171	-19501.551881	17268.659918	-6008.420322	18953.947762	17268.659918
2017/5/1 19:30:00	 -2873.438036	-19206.492579	17794.127232	-6346.566902	18353.939411	17794.127232
2017/5/1 19:35:00	 -1862.740734	-18873.734584	18284.668185	-6701.811864	17741.853847	18284.668185
2017/5/1 19:40:00	 -848.388945	-18503.950213	18739.338534	-7074.126498	17119.365397	18739.338534
2017/5/1 19:45:00	 167.626459	-18097.885433	19157.267111	-7463.384629	16488.160772	19157.267111
2017/5/1 19:50:00	 1183.313614	-17656.358124	19537.657493	-7869.362561	15849.932056	19537.657493
2017/5/1 19:55:00	 2196.683840	-17180.256192	19879.789491	-8291.739469	15206.369695	19879.789491
2017/5/1 20:00:00	 3205.755796	-16670.535531	20183.020459	-8730.098247	14559.155528	20183.020459
2017/5/1 20:05:00	 4208.559596	-16128.217833	20446.786421	-9183.926803	13909.955889	20446.786421
2017/5/1 20:10:00	 5203.140871	-15554.388279	20670.603009	-9652.619789	13260.414807	20670.603009
2017/5/1 20:15:00	 6187.564777	-14950.193080	20854.066229	-10135.480764	12612.147346	20854.066229
2017/5/1 20:20:00	 7159.919936	-14316.836914	20996.853028	-10631.724772	11966.733100	20996.853028
2017/5/1 20:25:00	 8118.322299	-13655.580237	21098.721685	-11140.481323	11325.709887	21098.721685
2017/5/1 20:30:00	 9060.918914	-12967.736498	21159.512024	-11660.797766	10690.567662	21159.512024
2017/5/1 20:35:00	 9985.891616	-12254.669253	21179.145434	-12191.643031	10062.742672	21179.145434
2017/5/1 20:40:00	 10891.460595	-11517.789189	21157.624723	-12731.911725	9443.611889	21157.624723
2017/5/1 20:45:00	 11775.887872	-10758.551069	21095.033787	-13280.428558	8834.487739	21095.033787
2017/5/1 20:50:00	 12637.480643	-9978.450612	20991.537117	-13835.953079	8236.613139	20991.537117
2017/5/1 20:55:00	 13474.594508	-9179.021301	20847.379125	-14397.184706	7651.156889	20847.379125
2017/5/1 21:00:00	 14285.636569	-8361.831140	20662.883319	-14962.768009	7079.209400	20662.883319
2017/5/1 21:05:00	 15069.068393	-7528.479373	20438.451303	-15531.298240	6521.778815	20438.451303
2017/5/1 21:10:00	 15823.408834	-6680.593152	20174.561643	-16101.327070	5979.787503	20174.561643
2017/5/1 21:15:00	 16547.236712	-5819.824190	19871.768557	-16671.368514	5454.068965	19871.768557
2017/5/1 21:20:00	 17239.193348	-4947.845383	19530.700487	-17239.905012	4945.365141	19530.700487
2017/5/1 21:25:00	 17897.984944	-4066.347425	19152.058513	-17805.393645	4454.324146	19152.058513
2017/5/1 21:30:00	 18522.384814	-3177.035419	18736.614646	-18366.272445	3981.498427	18736.614646
2017/5/1 21:35:00	 19111.235452	-2281.625482	18285.209985	-18920.966787	3527.343362	18285.209985
2017/5/1 21:40:00	 19663.450456	-1381.841373	17798.752767	-19467.895826	3092.216279	17798.752767
2017/5/1 21:45:00	 20178.016278	-479.411123	17278.216286	-20005.478946	2676.375925	17278.216286
2017/5/1 21:50:00	 20653.993830	423.936297	16724.636723	-20532.142206	2279.982359	16724.636723
2017/5/1 21:55:00	 21090.519920	1326.474289	16139.110857	-21046.324744	1903.097288	16139.110857
2017/5/1 22:00:00	 21486.808534	2226.481902	15522.793699	-21546.485121	1545.684818	15522.793699
2017/5/1 22:05:00	 21842.151959	3122.247060	14876.896019	-22031.107567	1207.612637	14876.896019
2017/5/1 22:10:00	 22155.921744	4012.069747	14202.681813	-22498.708113	888.653602	14202.681813
2017/5/1 22:15:00	 22427.569512	4894.265140	13501.465674	-22947.840588	588.487732	13501.465674
2017/5/1 22:20:00	 22656.627608	5767.166681	12774.610111	-23377.102438	306.704593	12774.610111
2017/5/1 22:25:00	 22842.709600	6629.129092	12023.522793	-23785.140362	42.806058	12023.522793
2017/5/1 22:30:00	 22985.510626	7478.531316	11249.653746	-24170.655738	-203.790564	11249.653746
2017/5/1 22:35:00	 23084.807590	8313.779398	10454.492491	-24532.409811	-433.749061	10454.492491
2017/5/1 22:40:00	 23140.459216	9133.309283	9639.565150	-24869.228632	-647.810505	9639.565150
2017/5/1 22:45:00	 23152.405952	9935.589540	8806.431495	-25180.007725	-846.789145	8806.431495
2017/5/1 22:50:00	 23120.669737	10719.124013	7956.681985	-25463.716465	-1031.567987	7956.681985
2017/5/1 22:55:00	 23045.353628	11482.454372	7091.934755	-25719.402147	-1203.094117	7091.934755
2017/5/1 23:00:00	 22926.641290	12224.162596	6213.832600	-25946.193743	-1362.373761	6213.832600
2017/5/1 23:05:00	 22764.796357	12942.873358	5324.039928	-26143.305319	-1510.467120	5324.039928
2017/5/1 23:10:00	 22560.161660	13637.256321	4424.239711	-26310.039109	-1648.482994	4424.239711
2017/5/1 23:15:00	 22313.158335	14306.028342	3516.130417	-26445.788232	-1777.573221	3516.130417
2017/5/1 23:20:00	 22024.284799	14947.955586	2601.422954	-26550.039049	-1898.926963	2601.422954
2017/5/1 23:25:00	 21694.115619	15561.855540	1681.837598	-26622.373138	-2013.764840	1681.837598
2017/5/1 23:30:00	 21323.300255	16146.598930	759.100941	-26662.468901	-2123.332962	759.100941
2017/5/1 23:35:00	 20912.561695	16701.111546	-165.057161	-26670.102779	-2228.896874	-165.057161
2017/5/1 23:40:00	 20462.694981	17224.375960	-1088.906621	-26645.150083	-2331.735428	-1088.906621
2017/5/1 23:45:00	 19974.565630	17715.433150	-2010.720141	-26587.585443	-2433.134626	-2010.720141
2017/5/1 23:50:00	 19449.107950	18173.384022	-2928.776209	-26497.482854	-2534.381442	-2928.776209
2017/5/1 23:55:00	 18887.323259	18597.390828	-3841.362073	-26375.015347	-2636.757664	-3841.362073
2017/5/2 00:00:00	 18290.278006	18986.678487	-4746.776682	-26220.454271	-2741.533757	-4746.776682
